
1         2         3         
3         2         4         
5         6         1         
3         5         1         
7         8         6         
6         5         7         
9         10        8         
8         7         9         
11        12        4         
3         4         12        
3         12        5         
7         5         13        
5         12        13        
14        9         7         
14        7         13        
10        15        16        
10        9         15        
17        15        9         
17        9         14        
18        16        15        
16        18        19        
20        21        19        
22        23        11        
12        11        23        
24        12        23        
13        12        24        
18        15        25        
14        26        17        
14        13        26        
13        24        26        
25        15        27        
17        27        15        
17        26        27        
28        26        24        
23        22        29        
30        29        22        
18        31        19        
18        25        31        
20        19        31        
20        32        21        
20        31        32        
33        21        32        
33        34        21        
25        35        31        
29        36        23        
24        23        36        
28        24        36        
35        25        37        
27        37        25        
27        38        37        
26        38        27        
28        38        26        
39        28        36        
39        38        28        
40        36        29        
29        30        41        
41        40        29        
42        41        30        
35        43        31        
32        31        43        
44        32        43        
33        32        44        
45        46        34        
33        45        34        
33        44        45        
37        47        35        
35        47        43        
48        36        40        
39        36        48        
49        48        40        
37        50        47        
50        37        38        
51        50        38        
39        51        38        
39        48        51        
40        41        52        
49        40        52        
49        52        53        
41        42        54        
54        52        41        
54        42        55        
56        43        47        
57        58        46        
46        45        57        
59        43        56        
43        59        44        
57        45        60        
59        60        44        
45        44        60        
61        62        58        
58        57        61        
47        50        63        
47        63        56        
53        64        49        
48        64        51        
49        64        48        
65        63        50        
50        51        65        
51        64        65        
66        56        63        
53        67        64        
53        52        68        
53        68        67        
69        52        54        
68        52        69        
55        70        54        
69        54        70        
70        55        71        
72        56        66        
56        72        59        
73        61        57        
57        60        73        
74        59        72        
59        74        60        
75        73        60        
75        60        74        
76        77        62        
62        61        76        
78        76        61        
61        73        78        
66        79        72        
63        65        80        
63        80        66        
81        80        65        
65        64        81        
67        81        64        
82        66        80        
79        66        82        
83        81        67        
84        67        68        
85        83        67        
84        85        67        
68        69        86        
84        68        86        
70        87        69        
86        69        87        
71        88        70        
87        70        88        
88        71        89        
90        91        77        
77        76        90        
92        93        91        
91        90        92        
94        95        93        
93        92        94        
96        72        79        
72        96        74        
97        78        73        
75        97        73        
96        98        74        
75        74        98        
75        98        97        
99        90        76        
76        78        99        
100       99        78        
78        97        100       
79        101       96        
82        102       79        
101       79        102       
81        103       80        
83        103       81        
80        103       82        
104       82        103       
102       82        104       
103       83        105       
106       105       83        
85        106       83        
84        107       85        
84        86        107       
108       106       85        
108       85        107       
86        87        109       
107       86        109       
88        110       87        
110       109       87        
89        111       88        
110       88        111       
111       89        112       
113       114       95        
95        94        113       
115       92        90        
90        99        115       
116       94        92        
92        115       116       
117       113       94        
94        116       117       
118       96        101       
96        118       98        
119       100       97        
97        98        119       
120       98        118       
120       119       98        
121       115       99        
99        100       121       
122       121       100       
100       119       122       
101       123       118       
102       124       101       
123       101       124       
102       104       125       
125       124       102       
104       103       126       
105       126       103       
104       126       125       
127       126       105       
128       125       126       
105       106       129       
127       105       129       
130       129       106       
108       130       106       
108       131       130       
108       107       131       
107       109       131       
132       131       109       
133       109       110       
132       109       133       
111       134       110       
133       110       134       
112       135       111       
134       111       135       
135       112       136       
137       138       114       
114       113       137       
139       140       138       
138       137       139       
141       137       113       
113       117       141       
142       116       115       
115       121       142       
143       141       117       
144       117       116       
117       144       143       
116       142       144       
118       123       145       
120       118       145       
122       119       146       
120       145       146       
120       146       119       
147       146       145       
148       142       121       
121       122       148       
149       148       122       
122       146       149       
150       145       123       
124       151       123       
150       123       151       
128       152       125       
125       152       124       
151       124       152       
153       152       128       
127       129       154       
127       154       126       
126       154       128       
155       128       154       
153       128       155       
154       129       156       
129       130       157       
156       129       157       
130       158       157       
130       131       158       
159       158       131       
132       159       131       
132       160       159       
132       133       160       
134       161       133       
160       133       161       
135       162       134       
161       134       162       
136       163       135       
162       135       163       
163       136       164       
165       166       140       
140       139       165       
166       167       168       
167       166       165       
169       139       137       
137       141       169       
170       165       139       
139       169       170       
171       169       141       
141       143       171       
172       144       142       
142       148       172       
173       171       143       
174       143       144       
143       174       173       
144       172       174       
175       145       150       
147       145       175       
176       149       146       
147       175       176       
147       176       146       
177       172       148       
148       149       177       
178       177       149       
149       176       178       
175       150       179       
151       180       150       
180       179       150       
181       151       152       
181       180       151       
153       182       152       
182       181       152       
153       155       183       
153       183       182       
156       184       154       
184       155       154       
155       184       185       
185       183       155       
156       157       186       
156       186       184       
157       158       187       
186       157       187       
187       158       188       
159       188       158       
188       159       189       
160       189       159       
190       189       160       
190       160       161       
161       162       191       
190       161       191       
162       163       192       
191       162       192       
163       164       193       
193       192       163       
164       194       193       
168       195       196       
168       167       195       
197       196       195       
197       198       196       
165       199       167       
199       165       170       
200       195       167       
200       167       199       
201       170       169       
169       171       201       
202       199       170       
170       201       202       
203       201       171       
171       173       203       
204       174       172       
172       177       204       
205       203       173       
206       173       174       
205       173       206       
174       204       206       
207       175       179       
175       207       176       
208       178       176       
208       176       207       
209       204       177       
178       209       177       
210       209       178       
208       210       178       
179       211       207       
180       212       179       
211       179       212       
181       213       180       
213       212       180       
214       181       182       
214       213       181       
183       215       182       
214       182       215       
185       216       183       
183       216       215       
184       186       217       
185       184       217       
185       217       216       
187       218       186       
218       217       186       
188       219       187       
218       187       219       
219       188       220       
189       220       188       
189       221       220       
190       221       189       
190       191       221       
222       191       192       
222       221       191       
223       222       192       
192       193       224       
223       192       224       
193       194       225       
225       224       193       
226       225       194       
200       227       195       
197       195       228       
228       195       227       
197       229       198       
197       228       229       
200       199       230       
199       202       230       
200       230       227       
201       231       202       
201       203       231       
232       230       202       
232       202       231       
233       231       203       
233       203       205       
234       233       205       
235       206       204       
204       209       235       
205       206       236       
234       205       236       
206       235       236       
211       237       207       
208       207       237       
208       237       210       
235       209       238       
210       238       209       
239       238       210       
210       237       239       
211       240       237       
212       241       211       
240       211       241       
213       242       212       
241       212       242       
214       243       213       
214       215       243       
243       242       213       
215       216       244       
215       244       243       
216       217       245       
216       245       244       
218       246       217       
245       217       246       
219       247       218       
246       218       247       
248       219       220       
247       219       248       
220       249       248       
220       221       249       
221       250       249       
222       250       221       
223       250       222       
223       224       251       
251       250       223       
251       224       252       
224       225       253       
252       224       253       
225       226       254       
254       253       225       
255       254       226       
256       227       230       
227       257       228       
257       227       256       
228       258       229       
258       228       257       
256       230       259       
232       259       230       
232       260       259       
232       231       260       
231       233       260       
261       260       233       
234       261       233       
234       262       261       
234       236       262       
263       236       235       
263       235       238       
264       262       236       
264       236       263       
265       237       240       
265       239       237       
238       266       263       
239       266       238       
267       266       239       
267       239       265       
241       268       240       
269       240       268       
269       265       240       
242       270       241       
268       241       270       
243       244       271       
243       271       242       
242       271       270       
244       245       272       
244       272       271       
245       246       273       
273       272       245       
247       274       246       
273       246       274       
248       275       247       
274       247       275       
248       249       276       
275       248       276       
249       277       276       
249       250       277       
250       278       277       
251       278       250       
252       278       251       
252       253       279       
252       279       278       
279       253       280       
253       254       281       
280       253       281       
254       255       282       
282       281       254       
283       282       255       
259       284       256       
256       285       257       
285       256       284       
257       286       258       
286       257       285       
284       259       287       
287       259       260       
287       260       288       
288       260       261       
261       289       288       
262       289       261       
262       290       289       
264       290       262       
264       291       290       
264       263       291       
291       263       266       
292       291       266       
293       268       270       
294       265       269       
267       265       294       
292       266       295       
267       295       266       
267       294       295       
296       268       293       
269       268       296       
297       269       296       
297       294       269       
270       298       293       
270       271       298       
272       299       271       
298       271       299       
272       273       300       
299       272       300       
273       274       301       
301       300       273       
275       302       274       
301       274       302       
276       303       275       
302       275       303       
276       277       304       
303       276       304       
305       304       277       
277       278       305       
306       305       278       
279       306       278       
279       280       306       
280       281       307       
307       306       280       
307       281       308       
281       282       309       
308       281       309       
282       283       310       
310       309       282       
311       310       283       
287       312       284       
284       313       285       
313       284       312       
285       314       286       
314       285       313       
312       287       315       
288       315       287       
315       288       316       
316       288       289       
289       317       316       
317       289       290       
290       318       317       
290       291       318       
319       318       291       
292       319       291       
292       320       319       
292       295       320       
321       293       298       
296       293       322       
293       321       322       
320       295       323       
294       323       295       
297       323       294       
296       322       324       
297       296       324       
297       324       323       
298       299       325       
321       298       325       
300       326       299       
325       299       326       
301       327       300       
326       300       327       
302       328       301       
327       301       328       
303       329       302       
328       302       329       
304       330       303       
329       303       330       
304       305       331       
330       304       331       
332       331       305       
305       306       332       
333       332       306       
307       333       306       
308       333       307       
308       309       334       
334       333       308       
334       309       335       
336       309       310       
335       309       336       
337       310       311       
310       337       336       
338       337       311       
315       339       312       
312       340       313       
340       312       339       
313       341       314       
341       313       340       
339       315       342       
316       342       315       
342       316       343       
317       343       316       
343       317       344       
317       318       344       
344       318       345       
319       345       318       
345       319       346       
320       346       319       
346       320       347       
347       320       323       
348       321       325       
348       349       321       
349       322       321       
350       324       322       
322       349       350       
347       323       351       
324       350       351       
324       351       323       
325       326       352       
348       325       352       
353       348       352       
327       354       326       
354       352       326       
328       355       327       
354       327       355       
329       356       328       
355       328       356       
330       357       329       
356       329       357       
331       358       330       
357       330       358       
331       332       359       
358       331       359       
360       359       332       
332       333       360       
333       361       360       
334       361       333       
335       361       334       
362       335       336       
335       362       361       
362       336       363       
364       336       337       
363       336       364       
365       337       338       
337       365       364       
366       365       338       
342       367       339       
339       368       340       
368       339       367       
340       369       341       
369       340       368       
367       342       370       
343       370       342       
370       343       371       
344       371       343       
371       344       372       
345       372       344       
372       345       373       
346       373       345       
373       346       374       
347       374       346       
374       347       375       
351       375       347       
353       376       348       
376       349       348       
376       377       349       
349       377       350       
375       351       378       
350       378       351       
378       350       377       
353       379       376       
353       352       380       
353       380       379       
381       352       354       
380       352       381       
355       382       354       
381       354       382       
356       383       355       
382       355       383       
357       384       356       
383       356       384       
358       385       357       
384       357       385       
359       386       358       
385       358       386       
359       360       387       
386       359       387       
360       388       387       
360       361       388       
389       388       361       
362       389       361       
362       363       389       
363       364       390       
363       390       389       
390       364       391       
392       364       365       
391       364       392       
393       365       366       
365       393       392       
393       366       394       
370       395       367       
367       396       368       
396       367       395       
368       397       369       
397       368       396       
395       370       398       
371       398       370       
398       371       399       
372       399       371       
399       372       400       
373       400       372       
400       373       401       
374       401       373       
401       374       402       
375       402       374       
402       375       403       
378       403       375       
379       404       376       
377       376       404       
403       378       405       
404       405       377       
377       405       378       
406       404       379       
406       379       407       
379       380       407       
380       381       408       
408       407       380       
382       409       381       
408       381       409       
383       410       382       
409       382       410       
384       411       383       
410       383       411       
385       412       384       
411       384       412       
386       413       385       
412       385       413       
387       414       386       
413       386       414       
415       387       388       
414       387       415       
388       416       415       
416       388       389       
389       417       416       
390       417       389       
390       391       417       
391       418       417       
391       392       418       
418       392       419       
420       392       393       
419       392       420       
394       421       393       
420       393       421       
421       394       422       
398       423       395       
395       424       396       
424       395       423       
396       425       397       
425       396       424       
423       398       426       
399       426       398       
426       399       427       
400       427       399       
427       400       428       
401       428       400       
428       401       429       
402       429       401       
429       402       430       
403       430       402       
430       403       431       
405       431       403       
405       432       431       
404       432       405       
406       432       404       
406       407       433       
406       433       432       
407       408       434       
407       434       433       
408       409       435       
434       408       435       
410       436       409       
435       409       436       
411       437       410       
436       410       437       
412       438       411       
437       411       438       
413       439       412       
438       412       439       
414       440       413       
439       413       440       
415       441       414       
440       414       441       
442       415       416       
441       415       442       
443       442       416       
443       416       417       
444       443       417       
418       444       417       
418       419       444       
445       444       419       
446       419       420       
445       419       446       
421       447       420       
446       420       447       
422       448       421       
447       421       448       
448       422       449       
426       450       423       
423       451       424       
451       423       450       
424       452       425       
452       424       451       
450       426       453       
427       453       426       
453       427       454       
428       454       427       
454       428       455       
429       455       428       
455       429       456       
430       456       429       
456       430       457       
431       457       430       
457       431       458       
431       432       458       
459       458       432       
433       459       432       
434       460       433       
433       460       459       
435       461       434       
460       434       461       
436       462       435       
461       435       462       
437       463       436       
462       436       463       
438       464       437       
463       437       464       
439       465       438       
464       438       465       
440       466       439       
465       439       466       
441       467       440       
466       440       467       
442       468       441       
467       441       468       
469       442       443       
468       442       469       
470       469       443       
470       443       444       
471       470       444       
445       471       444       
445       472       471       
445       446       472       
447       473       446       
472       446       473       
448       474       447       
473       447       474       
449       475       448       
474       448       475       
475       449       476       
453       477       450       
450       478       451       
478       450       477       
451       479       452       
479       451       478       
477       453       480       
454       480       453       
480       454       481       
455       481       454       
481       455       482       
456       482       455       
482       456       483       
457       483       456       
483       457       484       
458       484       457       
484       458       485       
459       485       458       
485       459       486       
460       486       459       
461       487       460       
486       460       487       
462       488       461       
487       461       488       
463       489       462       
488       462       489       
464       490       463       
489       463       490       
465       491       464       
490       464       491       
466       492       465       
491       465       492       
467       493       466       
492       466       493       
468       494       467       
493       467       494       
469       495       468       
494       468       495       
469       470       496       
495       469       496       
496       470       497       
471       497       470       
497       471       498       
472       498       471       
498       472       499       
473       499       472       
474       500       473       
499       473       500       
475       501       474       
500       474       501       
476       502       475       
501       475       502       
502       476       503       
480       504       477       
477       505       478       
505       477       504       
478       506       479       
506       478       505       
504       480       507       
481       507       480       
507       481       508       
482       508       481       
508       482       509       
483       509       482       
509       483       510       
484       510       483       
510       484       511       
485       511       484       
511       485       512       
486       512       485       
512       486       513       
487       513       486       
488       514       487       
513       487       514       
489       515       488       
514       488       515       
490       516       489       
515       489       516       
491       517       490       
516       490       517       
492       518       491       
517       491       518       
493       519       492       
518       492       519       
494       520       493       
519       493       520       
495       521       494       
520       494       521       
496       522       495       
521       495       522       
497       523       496       
522       496       523       
523       497       524       
498       524       497       
524       498       525       
499       525       498       
525       499       526       
500       526       499       
501       527       500       
526       500       527       
502       528       501       
527       501       528       
503       529       502       
528       502       529       
529       503       530       
507       531       504       
504       532       505       
532       504       531       
505       533       506       
533       505       532       
531       507       534       
508       534       507       
534       508       535       
509       535       508       
535       509       536       
510       536       509       
536       510       537       
511       537       510       
537       511       538       
512       538       511       
538       512       539       
513       539       512       
539       513       540       
514       540       513       
515       541       514       
540       514       541       
516       542       515       
541       515       542       
517       543       516       
542       516       543       
518       544       517       
543       517       544       
519       545       518       
544       518       545       
520       546       519       
545       519       546       
521       547       520       
546       520       547       
522       548       521       
547       521       548       
523       549       522       
548       522       549       
524       550       523       
549       523       550       
550       524       551       
525       551       524       
551       525       552       
526       552       525       
552       526       553       
527       553       526       
528       554       527       
553       527       554       
529       555       528       
554       528       555       
530       556       529       
555       529       556       
556       530       557       
534       558       531       
531       559       532       
559       531       558       
532       560       533       
560       532       559       
558       534       561       
535       561       534       
561       535       562       
536       562       535       
562       536       563       
537       563       536       
563       537       564       
538       564       537       
564       538       565       
539       565       538       
565       539       566       
540       566       539       
566       540       567       
541       567       540       
542       568       541       
567       541       568       
543       569       542       
568       542       569       
544       570       543       
569       543       570       
545       571       544       
570       544       571       
546       572       545       
571       545       572       
547       573       546       
572       546       573       
548       574       547       
573       547       574       
549       575       548       
574       548       575       
550       576       549       
575       549       576       
551       577       550       
576       550       577       
577       551       578       
552       578       551       
578       552       579       
553       579       552       
579       553       580       
554       580       553       
555       581       554       
580       554       581       
556       582       555       
581       555       582       
557       583       556       
582       556       583       
583       557       584       
561       585       558       
558       586       559       
586       558       585       
559       587       560       
587       559       586       
585       561       588       
562       588       561       
588       562       589       
563       589       562       
589       563       590       
564       590       563       
590       564       591       
565       591       564       
591       565       592       
566       592       565       
592       566       593       
567       593       566       
593       567       594       
568       594       567       
569       595       568       
594       568       595       
570       596       569       
595       569       596       
571       597       570       
596       570       597       
572       598       571       
597       571       598       
573       599       572       
598       572       599       
574       600       573       
599       573       600       
575       601       574       
600       574       601       
576       602       575       
601       575       602       
577       603       576       
602       576       603       
578       604       577       
603       577       604       
604       578       605       
579       605       578       
605       579       606       
580       606       579       
606       580       607       
581       607       580       
582       608       581       
607       581       608       
583       609       582       
608       582       609       
584       610       583       
609       583       610       
610       584       611       
588       612       585       
585       613       586       
613       585       612       
586       614       587       
614       586       613       
612       588       615       
589       615       588       
615       589       616       
590       616       589       
616       590       617       
591       617       590       
617       591       618       
592       618       591       
618       592       619       
593       619       592       
619       593       620       
594       620       593       
620       594       621       
595       621       594       
596       622       595       
621       595       622       
597       623       596       
622       596       623       
598       624       597       
623       597       624       
599       625       598       
624       598       625       
600       626       599       
625       599       626       
601       627       600       
626       600       627       
602       628       601       
627       601       628       
603       629       602       
628       602       629       
604       630       603       
629       603       630       
605       631       604       
630       604       631       
631       605       632       
606       632       605       
632       606       633       
607       633       606       
633       607       634       
608       634       607       
609       635       608       
634       608       635       
610       636       609       
635       609       636       
637       611       638       
611       637       610       
636       610       637       
615       639       612       
612       640       613       
640       612       639       
613       641       614       
641       613       640       
639       615       642       
616       642       615       
642       616       643       
617       643       616       
643       617       644       
618       644       617       
644       618       645       
619       645       618       
645       619       646       
620       646       619       
646       620       647       
621       647       620       
647       621       648       
622       648       621       
623       649       622       
648       622       649       
624       650       623       
649       623       650       
625       651       624       
650       624       651       
626       652       625       
651       625       652       
627       653       626       
652       626       653       
628       654       627       
653       627       654       
629       655       628       
654       628       655       
630       656       629       
655       629       656       
631       657       630       
656       630       657       
632       658       631       
657       631       658       
658       632       659       
633       659       632       
659       633       660       
634       660       633       
660       634       661       
635       661       634       
662       638       663       
638       662       637       
636       664       635       
661       635       664       
665       637       662       
637       665       636       
664       636       665       
642       666       639       
639       667       640       
667       639       666       
640       668       641       
668       640       667       
666       642       669       
643       669       642       
669       643       670       
644       670       643       
670       644       671       
645       671       644       
671       645       672       
646       672       645       
672       646       673       
647       673       646       
673       647       674       
648       674       647       
674       648       675       
649       675       648       
650       676       649       
675       649       676       
651       677       650       
676       650       677       
652       678       651       
677       651       678       
653       679       652       
678       652       679       
654       680       653       
679       653       680       
655       681       654       
680       654       681       
656       682       655       
681       655       682       
683       663       684       
663       683       662       
657       685       656       
682       656       685       
658       686       657       
685       657       686       
659       687       658       
686       658       687       
687       659       688       
660       688       659       
688       660       689       
661       689       660       
689       661       690       
664       690       661       
691       662       683       
662       691       665       
692       665       691       
665       692       664       
690       664       692       
669       693       666       
666       694       667       
694       666       693       
667       695       668       
695       667       694       
693       669       696       
670       696       669       
696       670       697       
671       697       670       
697       671       698       
672       698       671       
698       672       699       
673       699       672       
699       673       700       
674       700       673       
700       674       701       
675       701       674       
701       675       702       
676       702       675       
677       703       676       
702       676       703       
678       704       677       
703       677       704       
679       705       678       
704       678       705       
680       706       679       
705       679       706       
681       707       680       
706       680       707       
682       708       681       
707       681       708       
685       709       682       
708       682       709       
710       684       711       
684       710       683       
712       683       710       
683       712       691       
686       713       685       
709       685       713       
687       714       686       
713       686       714       
688       715       687       
714       687       715       
715       688       716       
689       716       688       
716       689       717       
690       717       689       
717       690       718       
692       718       690       
719       691       712       
691       719       692       
718       692       719       
696       720       693       
693       721       694       
721       693       720       
694       722       695       
722       694       721       
720       696       723       
697       723       696       
723       697       724       
698       724       697       
724       698       725       
699       725       698       
725       699       726       
700       726       699       
726       700       727       
701       727       700       
727       701       728       
702       728       701       
728       702       729       
703       729       702       
704       730       703       
729       703       730       
705       731       704       
730       704       731       
706       732       705       
731       705       732       
707       733       706       
732       706       733       
708       734       707       
733       707       734       
709       735       708       
734       708       735       
736       711       737       
711       736       710       
713       738       709       
735       709       738       
739       710       736       
710       739       712       
740       712       739       
712       740       719       
714       741       713       
738       713       741       
715       742       714       
741       714       742       
716       743       715       
742       715       743       
743       716       744       
717       744       716       
744       717       745       
718       745       717       
745       718       746       
746       719       740       
719       746       718       
723       747       720       
720       748       721       
748       720       747       
721       749       722       
749       721       748       
747       723       750       
724       750       723       
750       724       751       
725       751       724       
751       725       752       
726       752       725       
752       726       753       
727       753       726       
753       727       754       
728       754       727       
754       728       755       
729       755       728       
755       729       756       
730       756       729       
731       757       730       
756       730       757       
732       758       731       
757       731       758       
733       759       732       
758       732       759       
760       737       761       
737       760       736       
734       762       733       
759       733       762       
735       763       734       
762       734       763       
738       764       735       
763       735       764       
765       736       760       
736       765       739       
741       766       738       
764       738       766       
767       739       765       
739       767       740       
740       768       746       
768       740       767       
742       769       741       
766       741       769       
743       770       742       
769       742       770       
744       771       743       
770       743       771       
771       744       772       
745       772       744       
772       745       773       
746       773       745       
773       746       768       
750       774       747       
747       775       748       
775       747       774       
748       776       749       
776       748       775       
774       750       777       
751       777       750       
777       751       778       
752       778       751       
778       752       779       
753       779       752       
779       753       780       
754       780       753       
780       754       781       
755       781       754       
781       755       782       
756       782       755       
782       756       783       
757       783       756       
758       784       757       
783       757       784       
759       785       758       
784       758       785       
762       786       759       
785       759       786       
787       761       788       
761       787       760       
789       760       787       
760       789       765       
763       790       762       
786       762       790       
764       791       763       
790       763       791       
766       792       764       
791       764       792       
793       765       789       
765       793       767       
769       794       766       
792       766       794       
795       767       793       
767       795       768       
768       796       773       
796       768       795       
770       797       769       
794       769       797       
771       798       770       
797       770       798       
772       799       771       
798       771       799       
799       772       800       
773       800       772       
800       773       796       
788       801       787       
801       788       802       
777       803       774       
774       804       775       
804       774       803       
775       805       776       
805       775       804       
803       777       806       
778       806       777       
806       778       807       
779       807       778       
807       779       808       
780       808       779       
808       780       809       
781       809       780       
809       781       810       
782       810       781       
810       782       811       
783       811       782       
811       783       812       
784       812       783       
785       813       784       
812       784       813       
786       814       785       
813       785       814       
790       815       786       
814       786       815       
816       787       801       
787       816       789       
817       789       816       
789       817       793       
791       818       790       
815       790       818       
792       819       791       
818       791       819       
794       820       792       
819       792       820       
821       793       817       
793       821       795       
797       822       794       
820       794       822       
795       823       796       
823       795       821       
796       824       800       
824       796       823       
798       825       797       
822       797       825       
799       826       798       
825       798       826       
800       827       799       
827       800       824       
826       799       827       
801       828       816       
802       829       801       
828       801       829       
829       802       830       
806       831       803       
803       832       804       
832       803       831       
804       833       805       
833       804       832       
831       806       834       
807       834       806       
834       807       835       
808       835       807       
835       808       836       
809       836       808       
836       809       837       
810       837       809       
837       810       838       
811       838       810       
838       811       839       
812       839       811       
839       812       840       
813       840       812       
814       841       813       
840       813       841       
815       842       814       
841       814       842       
818       843       815       
842       815       843       
844       816       828       
816       844       817       
817       845       821       
845       817       844       
819       846       818       
843       818       846       
820       847       819       
846       819       847       
822       848       820       
847       820       848       
821       849       823       
849       821       845       
825       850       822       
848       822       850       
823       851       824       
851       823       849       
824       852       827       
852       824       851       
826       853       825       
850       825       853       
854       827       852       
827       854       826       
853       826       854       
828       855       844       
829       856       828       
855       828       856       
857       830       858       
830       857       829       
856       829       857       
859       858       860       
858       859       857       
834       861       831       
831       862       832       
862       831       861       
832       863       833       
863       832       862       
861       834       864       
835       864       834       
864       835       865       
836       865       835       
865       836       866       
837       866       836       
866       837       867       
838       867       837       
867       838       868       
839       868       838       
868       839       869       
840       869       839       
869       840       870       
841       870       840       
842       871       841       
870       841       871       
843       872       842       
871       842       872       
846       873       843       
872       843       873       
844       874       845       
874       844       855       
845       875       849       
875       845       874       
847       876       846       
873       846       876       
848       877       847       
876       847       877       
850       878       848       
877       848       878       
849       879       851       
879       849       875       
853       880       850       
878       850       880       
851       881       852       
881       851       879       
882       852       881       
852       882       854       
883       854       882       
854       883       853       
880       853       883       
855       884       874       
885       860       886       
860       885       859       
887       886       888       
887       885       886       
856       889       855       
884       855       889       
890       857       859       
857       890       856       
889       856       890       
891       859       885       
859       891       890       
864       892       861       
861       893       862       
893       861       892       
862       894       863       
894       862       893       
892       864       895       
865       895       864       
895       865       896       
866       896       865       
896       866       897       
867       897       866       
897       867       898       
868       898       867       
898       868       899       
869       899       868       
899       869       900       
870       900       869       
900       870       901       
871       901       870       
872       902       871       
901       871       902       
873       903       872       
902       872       903       
876       904       873       
903       873       904       
874       905       875       
905       874       884       
875       906       879       
906       875       905       
877       907       876       
904       876       907       
878       908       877       
907       877       908       
880       909       878       
908       878       909       
879       910       881       
910       879       906       
883       911       880       
909       880       911       
912       881       910       
881       912       882       
913       882       912       
882       913       883       
911       883       913       
914       884       889       
884       915       905       
915       884       914       
916       888       917       
887       888       918       
916       918       888       
887       918       919       
887       919       885       
885       919       891       
920       890       891       
890       920       889       
914       889       920       
921       891       919       
921       920       891       
922       914       920       
895       923       892       
892       924       893       
924       892       923       
893       925       894       
925       893       924       
923       895       926       
896       926       895       
926       896       927       
897       927       896       
927       897       928       
898       928       897       
928       898       929       
899       929       898       
929       899       930       
900       930       899       
930       900       931       
901       931       900       
931       901       932       
902       932       901       
903       933       902       
932       902       933       
904       934       903       
933       903       934       
907       935       904       
934       904       935       
905       936       906       
936       905       915       
906       937       910       
937       906       936       
908       938       907       
935       907       938       
909       939       908       
938       908       939       
911       940       909       
939       909       940       
941       910       937       
910       941       912       
913       942       911       
940       911       942       
943       912       941       
912       943       913       
942       913       943       
944       915       914       
922       944       914       
915       945       936       
945       915       944       
946       947       917       
916       917       947       
916       948       918       
916       947       948       
949       919       918       
948       949       918       
950       919       949       
921       919       950       
921       950       951       
921       951       920       
922       920       951       
922       952       944       
952       922       951       
946       953       947       
953       946       954       
926       955       923       
923       956       924       
956       923       955       
924       957       925       
957       924       956       
955       926       958       
927       958       926       
958       927       959       
928       959       927       
959       928       960       
929       960       928       
960       929       961       
930       961       929       
961       930       962       
931       962       930       
962       931       963       
932       963       931       
963       932       964       
933       964       932       
934       965       933       
964       933       965       
935       966       934       
965       934       966       
938       967       935       
966       935       967       
936       968       937       
968       936       945       
969       937       968       
937       969       941       
939       970       938       
967       938       970       
940       971       939       
970       939       971       
942       972       940       
971       940       972       
973       941       969       
941       973       943       
974       943       973       
943       974       942       
972       942       974       
944       975       945       
952       975       944       
945       976       968       
976       945       975       
977       947       953       
948       947       978       
977       978       947       
949       948       979       
978       979       948       
950       949       980       
979       980       949       
981       950       980       
950       981       951       
952       982       975       
982       951       981       
952       951       982       
977       953       983       
954       984       953       
983       953       984       
984       954       985       
958       986       955       
955       987       956       
987       955       986       
956       988       957       
988       956       987       
986       958       989       
959       989       958       
989       959       990       
960       990       959       
990       960       991       
961       991       960       
991       961       992       
962       992       961       
992       962       993       
963       993       962       
993       963       994       
964       994       963       
994       964       995       
965       995       964       
966       996       965       
995       965       996       
967       997       966       
996       966       997       
970       998       967       
997       967       998       
999       968       976       
968       999       969       
1000      969       999       
969       1000      973       
971       1001      970       
998       970       1001      
972       1002      971       
1001      971       1002      
974       1003      972       
1002      972       1003      
1004      973       1000      
973       1004      974       
1003      974       1004      
975       1005      976       
975       982       1005      
1006      976       1005      
976       1006      999       
977       983       1007      
977       1007      978       
979       978       1008      
1008      978       1007      
980       979       1009      
1008      1009      979       
981       980       1010      
1009      1010      980       
1011      981       1010      
1011      982       981       
1005      982       1012      
1011      1012      982       
983       1013      1007      
1014      1007      1013      
984       1015      983       
1013      983       1015      
1016      985       1017      
985       1016      984       
1015      984       1016      
1018      1017      1019      
1017      1018      1016      
989       1020      986       
986       1021      987       
1021      986       1020      
987       1022      988       
1022      987       1021      
1020      989       1023      
990       1023      989       
1023      990       1024      
991       1024      990       
1024      991       1025      
992       1025      991       
1025      992       1026      
993       1026      992       
1026      993       1027      
994       1027      993       
1027      994       1028      
995       1028      994       
1028      995       1029      
996       1029      995       
997       1030      996       
1029      996       1030      
998       1031      997       
1030      997       1031      
1001      1032      998       
1031      998       1032      
1033      999       1006      
999       1033      1000      
1034      1000      1033      
1000      1034      1004      
1002      1035      1001      
1032      1001      1035      
1003      1036      1002      
1035      1002      1036      
1037      1004      1034      
1004      1037      1003      
1036      1003      1037      
1038      1005      1012      
1005      1038      1006      
1039      1006      1038      
1006      1039      1033      
1008      1007      1040      
1014      1040      1007      
1009      1008      1041      
1040      1041      1008      
1042      1010      1009      
1041      1042      1009      
1011      1010      1043      
1011      1043      1012      
1010      1042      1043      
1012      1043      1044      
1044      1038      1012      
1014      1045      1040      
1014      1013      1046      
1014      1046      1045      
1047      1045      1046      
1015      1048      1013      
1013      1048      1046      
1049      1016      1018      
1016      1049      1015      
1048      1015      1049      
1050      1019      1051      
1019      1050      1018      
1052      1018      1050      
1018      1052      1049      
1051      1053      1050      
1053      1051      1054      
1023      1055      1020      
1020      1056      1021      
1056      1020      1055      
1021      1057      1022      
1057      1021      1056      
1055      1023      1058      
1024      1058      1023      
1058      1024      1059      
1025      1059      1024      
1059      1025      1060      
1026      1060      1025      
1060      1026      1061      
1027      1061      1026      
1061      1027      1062      
1028      1062      1027      
1062      1028      1063      
1029      1063      1028      
1063      1029      1064      
1030      1064      1029      
1031      1065      1030      
1064      1030      1065      
1032      1066      1031      
1065      1031      1066      
1035      1067      1032      
1066      1032      1067      
1068      1033      1039      
1033      1068      1034      
1069      1034      1068      
1034      1069      1037      
1036      1070      1035      
1067      1035      1070      
1071      1037      1069      
1037      1071      1036      
1070      1036      1071      
1072      1038      1044      
1038      1072      1039      
1073      1039      1072      
1039      1073      1068      
1040      1074      1041      
1040      1045      1074      
1075      1043      1042      
1075      1042      1076      
1076      1042      1041      
1076      1041      1074      
1044      1043      1077      
1075      1077      1043      
1077      1078      1044      
1078      1072      1044      
1079      1074      1045      
1080      1079      1045      
1047      1080      1045      
1047      1046      1081      
1047      1081      1080      
1048      1082      1046      
1081      1046      1082      
1083      1049      1052      
1049      1083      1048      
1082      1048      1083      
1084      1050      1053      
1050      1084      1052      
1085      1052      1084      
1052      1085      1083      
1053      1086      1084      
1087      1054      1088      
1054      1087      1053      
1086      1053      1087      
1089      1087      1088      
1089      1088      1090      
1058      1091      1055      
1055      1092      1056      
1092      1055      1091      
1056      1093      1057      
1093      1056      1092      
1091      1058      1094      
1059      1094      1058      
1094      1059      1095      
1060      1095      1059      
1095      1060      1096      
1061      1096      1060      
1096      1061      1097      
1062      1097      1061      
1097      1062      1098      
1063      1098      1062      
1098      1063      1099      
1064      1099      1063      
1099      1064      1100      
1065      1100      1064      
1066      1101      1065      
1101      1100      1065      
1067      1102      1066      
1102      1101      1066      
1070      1103      1067      
1102      1067      1103      
1104      1068      1073      
1068      1104      1069      
1105      1069      1104      
1069      1105      1071      
1106      1071      1105      
1071      1106      1070      
1103      1070      1106      
1078      1107      1072      
1072      1107      1073      
1108      1073      1107      
1073      1108      1104      
1109      1077      1075      
1076      1074      1110      
1079      1110      1074      
1075      1076      1111      
1109      1075      1111      
1111      1076      1110      
1077      1112      1078      
1109      1112      1077      
1112      1113      1078      
1078      1113      1107      
1110      1079      1114      
1115      1114      1079      
1079      1080      1115      
1116      1115      1080      
1117      1081      1082      
1081      1117      1118      
1118      1080      1081      
1116      1080      1118      
1083      1085      1119      
1082      1083      1119      
1117      1082      1119      
1120      1117      1119      
1121      1119      1085      
1086      1122      1084      
1084      1122      1085      
1121      1085      1122      
1123      1122      1086      
1089      1124      1087      
1087      1124      1086      
1123      1086      1124      
1089      1090      1125      
1089      1125      1124      
1094      1126      1091      
1091      1127      1092      
1127      1091      1126      
1092      1128      1093      
1128      1092      1127      
1126      1094      1129      
1095      1129      1094      
1129      1095      1130      
1096      1130      1095      
1130      1096      1131      
1097      1131      1096      
1131      1097      1132      
1098      1132      1097      
1132      1098      1133      
1099      1133      1098      
1133      1099      1134      
1100      1134      1099      
1134      1100      1135      
1101      1135      1100      
1136      1101      1102      
1136      1135      1101      
1102      1103      1137      
1136      1102      1137      
1106      1138      1103      
1137      1103      1138      
1139      1104      1108      
1104      1139      1105      
1140      1105      1139      
1105      1140      1106      
1138      1106      1140      
1141      1107      1113      
1107      1141      1108      
1142      1108      1141      
1108      1142      1139      
1109      1143      1112      
1109      1111      1143      
1111      1110      1144      
1143      1111      1144      
1114      1144      1110      
1112      1145      1113      
1143      1145      1112      
1146      1113      1145      
1113      1146      1141      
1144      1114      1147      
1148      1147      1114      
1114      1115      1148      
1115      1149      1148      
1116      1149      1115      
1116      1118      1150      
1116      1150      1149      
1120      1151      1117      
1118      1117      1151      
1151      1150      1118      
1152      1151      1120      
1121      1153      1119      
1120      1119      1153      
1120      1153      1152      
1154      1153      1121      
1155      1121      1122      
1155      1154      1121      
1123      1156      1122      
1155      1122      1156      
1123      1124      1157      
1123      1157      1156      
1158      1124      1125      
1158      1157      1124      
1129      1159      1126      
1126      1160      1127      
1160      1126      1159      
1127      1161      1128      
1161      1127      1160      
1159      1129      1162      
1130      1162      1129      
1162      1130      1163      
1131      1163      1130      
1163      1131      1164      
1132      1164      1131      
1164      1132      1165      
1133      1165      1132      
1165      1133      1166      
1134      1166      1133      
1166      1134      1167      
1167      1134      1135      
1168      1167      1135      
1136      1137      1169      
1136      1169      1135      
1168      1135      1169      
1138      1170      1137      
1137      1170      1169      
1140      1171      1138      
1170      1138      1171      
1172      1139      1142      
1139      1172      1140      
1171      1140      1172      
1173      1141      1146      
1141      1173      1142      
1174      1142      1173      
1142      1174      1172      
1145      1143      1175      
1144      1175      1143      
1147      1175      1144      
1145      1176      1146      
1176      1145      1175      
1177      1146      1176      
1146      1177      1173      
1178      1175      1147      
1147      1148      1179      
1178      1147      1179      
1180      1179      1148      
1180      1148      1149      
1149      1150      1181      
1181      1180      1149      
1152      1182      1151      
1150      1182      1181      
1150      1151      1182      
1152      1153      1183      
1152      1183      1182      
1154      1184      1153      
1183      1153      1184      
1155      1156      1185      
1154      1185      1184      
1154      1155      1185      
1156      1157      1186      
1156      1186      1185      
1157      1158      1187      
1157      1187      1186      
1162      1188      1159      
1159      1189      1160      
1189      1159      1188      
1160      1190      1161      
1190      1160      1189      
1188      1162      1191      
1163      1191      1162      
1191      1163      1192      
1164      1192      1163      
1192      1164      1193      
1165      1193      1164      
1193      1165      1194      
1166      1194      1165      
1194      1166      1195      
1167      1195      1166      
1195      1167      1196      
1168      1196      1167      
1168      1197      1196      
1168      1169      1197      
1170      1198      1169      
1197      1169      1198      
1171      1199      1170      
1198      1170      1199      
1200      1172      1174      
1172      1200      1171      
1199      1171      1200      
1201      1173      1177      
1173      1201      1174      
1202      1174      1201      
1174      1202      1200      
1203      1176      1175      
1178      1203      1175      
1204      1177      1176      
1204      1176      1203      
1205      1177      1204      
1177      1205      1201      
1178      1206      1203      
1178      1179      1206      
1207      1206      1179      
1208      1179      1180      
1207      1179      1208      
1208      1180      1209      
1180      1181      1209      
1181      1182      1210      
1210      1209      1181      
1183      1211      1182      
1211      1210      1182      
1183      1184      1212      
1212      1211      1183      
1184      1185      1213      
1213      1212      1184      
1186      1214      1185      
1214      1213      1185      
1186      1187      1215      
1215      1214      1186      
1191      1216      1188      
1188      1217      1189      
1217      1188      1216      
1189      1218      1190      
1218      1189      1217      
1216      1191      1219      
1192      1219      1191      
1219      1192      1220      
1193      1220      1192      
1220      1193      1221      
1194      1221      1193      
1221      1194      1222      
1195      1222      1194      
1222      1195      1223      
1196      1223      1195      
1223      1196      1224      
1197      1224      1196      
1224      1197      1225      
1197      1198      1225      
1199      1226      1198      
1225      1198      1226      
1202      1227      1200      
1200      1227      1199      
1227      1226      1199      
1228      1201      1205      
1201      1228      1202      
1229      1202      1228      
1202      1229      1227      
1230      1228      1205      
1231      1204      1203      
1231      1203      1206      
1204      1232      1205      
1230      1205      1232      
1231      1232      1204      
1233      1231      1206      
1207      1234      1206      
1233      1206      1234      
1207      1208      1235      
1235      1234      1207      
1208      1209      1236      
1235      1208      1236      
1209      1210      1237      
1237      1236      1209      
1210      1211      1238      
1238      1237      1210      
1211      1212      1239      
1239      1238      1211      
1212      1213      1240      
1240      1239      1212      
1213      1214      1241      
1241      1240      1213      
1214      1215      1242      
1242      1241      1214      
1219      1243      1216      
1216      1244      1217      
1244      1216      1243      
1217      1245      1218      
1245      1217      1244      
1243      1219      1246      
1220      1246      1219      
1246      1220      1247      
1221      1247      1220      
1247      1221      1248      
1222      1248      1221      
1248      1222      1249      
1223      1249      1222      
1249      1223      1250      
1224      1250      1223      
1250      1224      1251      
1225      1251      1224      
1251      1225      1252      
1226      1252      1225      
1229      1253      1227      
1226      1227      1253      
1253      1252      1226      
1230      1254      1228      
1229      1228      1254      
1255      1229      1254      
1255      1253      1229      
1256      1254      1230      
1232      1257      1230      
1230      1257      1256      
1231      1258      1232      
1258      1257      1232      
1233      1258      1231      
1233      1234      1259      
1233      1259      1258      
1234      1260      1259      
1235      1236      1260      
1235      1260      1234      
1236      1237      1261      
1236      1261      1260      
1237      1238      1262      
1262      1261      1237      
1238      1239      1263      
1263      1262      1238      
1239      1240      1264      
1264      1263      1239      
1240      1241      1265      
1265      1264      1240      
1241      1242      1266      
1266      1265      1241      
1246      1267      1243      
1243      1268      1244      
1268      1243      1267      
1244      1269      1245      
1269      1244      1268      
1267      1246      1270      
1247      1270      1246      
1270      1247      1271      
1248      1271      1247      
1271      1248      1272      
1249      1272      1248      
1272      1249      1273      
1250      1273      1249      
1273      1250      1274      
1251      1274      1250      
1274      1251      1275      
1252      1275      1251      
1275      1252      1276      
1255      1276      1253      
1253      1276      1252      
1256      1277      1254      
1255      1254      1277      
1255      1277      1276      
1278      1277      1256      
1279      1256      1257      
1278      1256      1279      
1258      1259      1280      
1257      1280      1279      
1258      1280      1257      
1259      1260      1281      
1259      1281      1280      
1261      1282      1260      
1282      1281      1260      
1261      1262      1283      
1283      1282      1261      
1262      1263      1284      
1284      1283      1262      
1263      1264      1285      
1285      1284      1263      
1264      1265      1286      
1286      1285      1264      
1265      1266      1287      
1287      1286      1265      
1270      1288      1267      
1267      1289      1268      
1289      1267      1288      
1268      1290      1269      
1290      1268      1289      
1288      1270      1291      
1271      1291      1270      
1291      1271      1292      
1272      1292      1271      
1292      1272      1293      
1273      1293      1272      
1293      1273      1294      
1274      1294      1273      
1294      1274      1295      
1275      1295      1274      
1295      1275      1296      
1296      1275      1276      
1297      1296      1276      
1297      1276      1277      
1278      1298      1277      
1297      1277      1298      
1278      1279      1299      
1278      1299      1298      
1279      1280      1300      
1299      1279      1300      
1301      1280      1281      
1300      1280      1301      
1281      1282      1302      
1302      1301      1281      
1282      1283      1303      
1303      1302      1282      
1283      1284      1304      
1304      1303      1283      
1284      1285      1305      
1305      1304      1284      
1285      1286      1306      
1306      1305      1285      
1286      1287      1307      
1307      1306      1286      
1291      1308      1288      
1288      1309      1289      
1309      1288      1308      
1289      1310      1290      
1310      1289      1309      
1308      1291      1311      
1292      1311      1291      
1311      1292      1312      
1293      1312      1292      
1312      1293      1313      
1294      1313      1293      
1313      1294      1314      
1295      1314      1294      
1314      1295      1315      
1296      1315      1295      
1315      1296      1316      
1297      1316      1296      
1297      1298      1316      
1298      1299      1317      
1298      1317      1316      
1299      1300      1318      
1317      1299      1318      
1300      1301      1319      
1318      1300      1319      
1302      1320      1301      
1320      1319      1301      
1302      1303      1321      
1321      1320      1302      
1303      1304      1322      
1322      1321      1303      
1304      1305      1323      
1323      1322      1304      
1305      1306      1324      
1324      1323      1305      
1306      1307      1325      
1325      1324      1306      
1311      1326      1308      
1308      1327      1309      
1327      1308      1326      
1309      1328      1310      
1328      1309      1327      
1326      1311      1329      
1312      1329      1311      
1329      1312      1330      
1313      1330      1312      
1330      1313      1331      
1314      1331      1313      
1331      1314      1332      
1314      1315      1332      
1333      1332      1315      
1315      1316      1333      
1334      1333      1316      
1334      1316      1317      
1317      1318      1335      
1334      1317      1335      
1318      1319      1336      
1336      1335      1318      
1319      1320      1337      
1337      1336      1319      
1320      1321      1338      
1338      1337      1320      
1321      1322      1339      
1339      1338      1321      
1322      1323      1340      
1340      1339      1322      
1323      1324      1341      
1341      1340      1323      
1324      1325      1342      
1342      1341      1324      
1329      1343      1326      
1326      1344      1327      
1344      1326      1343      
1327      1345      1328      
1345      1327      1344      
1343      1329      1346      
1330      1346      1329      
1346      1330      1347      
1331      1347      1330      
1348      1347      1331      
1332      1348      1331      
1349      1348      1332      
1332      1333      1349      
1349      1333      1350      
1334      1335      1350      
1334      1350      1333      
1335      1336      1351      
1351      1350      1335      
1336      1337      1352      
1352      1351      1336      
1337      1338      1353      
1353      1352      1337      
1338      1339      1354      
1354      1353      1338      
1339      1340      1355      
1355      1354      1339      
1340      1341      1356      
1356      1355      1340      
1341      1342      1357      
1357      1356      1341      
1346      1358      1343      
1343      1359      1344      
1359      1343      1358      
1344      1360      1345      
1360      1344      1359      
1358      1346      1361      
1347      1361      1346      
1361      1347      1362      
1348      1362      1347      
1363      1362      1348      
1349      1363      1348      
1364      1363      1349      
1364      1349      1350      
1351      1365      1350      
1364      1350      1365      
1351      1352      1366      
1365      1351      1366      
1352      1353      1367      
1367      1366      1352      
1353      1354      1368      
1368      1367      1353      
1354      1355      1369      
1369      1368      1354      
1355      1356      1370      
1370      1369      1355      
1356      1357      1371      
1371      1370      1356      
1361      1372      1358      
1358      1373      1359      
1373      1358      1372      
1359      1374      1360      
1374      1359      1373      
1372      1361      1375      
1362      1375      1361      
1376      1375      1362      
1362      1363      1376      
1377      1376      1363      
1364      1377      1363      
1364      1365      1377      
1365      1366      1378      
1377      1365      1378      
1366      1367      1379      
1379      1378      1366      
1367      1368      1380      
1380      1379      1367      
1368      1369      1381      
1381      1380      1368      
1369      1370      1382      
1382      1381      1369      
1370      1371      1383      
1383      1382      1370      
1375      1384      1372      
1372      1385      1373      
1385      1372      1384      
1373      1386      1374      
1386      1373      1385      
1384      1375      1387      
1375      1376      1387      
1387      1376      1388      
1376      1377      1388      
1378      1388      1377      
1378      1379      1389      
1389      1388      1378      
1379      1380      1390      
1390      1389      1379      
1380      1381      1391      
1391      1390      1380      
1381      1382      1392      
1392      1391      1381      
1382      1383      1393      
1393      1392      1382      
1387      1394      1384      
1384      1395      1385      
1395      1384      1394      
1385      1396      1386      
1396      1385      1395      
1394      1387      1397      
1397      1387      1388      
1398      1397      1388      
1398      1388      1389      
1389      1390      1399      
1398      1389      1399      
1390      1391      1400      
1400      1399      1390      
1391      1392      1401      
1401      1400      1391      
1392      1393      1402      
1402      1401      1392      
1394      1397      1403      
1394      1404      1395      
1403      1404      1394      
1395      1405      1396      
1405      1395      1404      
1403      1397      1406      
1398      1399      1406      
1398      1406      1397      
1399      1400      1407      
1399      1407      1406      
1400      1401      1408      
1408      1407      1400      
1401      1402      1409      
1409      1408      1401      
1410      1403      1406      
1403      1411      1404      
1410      1411      1403      
1404      1412      1405      
1411      1412      1404      
1407      1413      1406      
1410      1406      1413      
1407      1408      1414      
1414      1413      1407      
1408      1409      1415      
1415      1414      1408      
1410      1416      1411      
1410      1413      1416      
1411      1417      1412      
1417      1411      1416      
1413      1414      1418      
1418      1416      1413      
1414      1415      1419      
1419      1418      1414      
1420      1416      1418      
1417      1416      1421      
1420      1421      1416      
1418      1419      1422      
1420      1418      1422      
1420      1422      1423      
1420      1423      1421      
