0                        0.04340937008274794      
0                        0                        
0.03074559205323798      0.03204112059873662      
0.04999999999999827      0                        
0.03470157177394997      0.0683476227533874       
0                        0.08681874016549587      
0.0315114256408519       0.1087725721265646       
0                        0.1302281102482438       
0.03079921573259237      0.1482938183219388       
0                        0.1734658641769079       
0.09999999999999831      0                        
0.07607423662555268      0.04478088878256641      
0.06987817632405724      0.09426304476421306      
0.05688623336927733      0.1284684240687677       
0.03605154275652822      0.1920028735851772       
0                        0.2151620343867272       
0.06038235255611026      0.1568668041264238       
0.02706935299246956      0.2258673808619338       
0                        0.25                     
0.01928050787185794      0.2675                   
0                        0.285                    
0.1499999999999984       0                        
0.1295900398671821       0.04583267977611412      
0.1079420657610183       0.08617905044273159      
0.06103491461140831      0.2216941836455389       
0.09384605499698594      0.1344687174232045       
0.08436048850986888      0.1812710091406769       
0.1300798228378837       0.1223504756428494       
0.1788852473345783       0.04461316644957176      
0.1999999999999984       0                        
0.03856101574371575      0.25                     
0.03856101574371592      0.285                    
0.02591578448145604      0.3109129228240948       
0                        0.3234886409879434       
0.08404170247270261      0.25                     
0.1596945868658337       0.09337174259851562      
0.1087551274639538       0.2109557052119743       
0.130511168525354        0.163546168587808        
0.1584052380402268       0.1341866991619872       
0.2062865651889591       0.08572510216711245      
0.2277100870383293       0.04343075217399734      
0.2499999999999984       0                        
0.08404170247270261      0.285                    
0.06043312332620204      0.3155952715221587       
0.03058478333736223      0.3454807016103716       
0                        0.3693552653132207       
0.1320196078243593       0.25                     
0.1914625179568086       0.1268868932125902       
0.2253704372471897       0.1171832734367007       
0.154936039989705        0.2082573374296218       
0.1767254993681229       0.1667552486376441       
0.2546049392203348       0.08887102775925894      
0.2538553137360122       0.1321716830057819       
0.2765076267198866       0.04138950859359614      
0.2999999999999985       0                        
0.1320196078243595       0.285                    
0.0375934750251261       0.3925513505415648       
0                        0.4178599579142342       
0.1071255930341981       0.3244732073316417       
0.07989199556409675      0.365859934425334        
0.03849968948614591      0.4407678229778323       
0                        0.4663716280880481       
0.18                     0.25                     
0.2252249447220531       0.1614039816332453       
0.201442366130261        0.2086312718680857       
0.1800000000000001       0.285                    
0.2772779939779377       0.167927361870303        
0.2881893023347539       0.1220869186752438       
0.3043152422772125       0.08010995626238032      
0.3265674477062526       0.04014770989730859      
0.3499999999999985       0                        
0.1558185786433637       0.3254048454574244       
0.07658335675612277      0.4160257604017983       
0.1324246390847101       0.3659899845941499       
0.1121821479231785       0.4008718608712637       
0.0389529605329525       0.4892683238425742       
0                        0.514883298261862        
0.07780749844074564      0.4649838938360386       
0.2046859218804844       0.3254853393301622       
0.2279803921756406       0.25                     
0.2504404846380394       0.210272139401611        
0.2279803921756407       0.285                    
0.2948399977748769       0.2126764994287958       
0.3143783417408047       0.1486649668889283       
0.3191679231914633       0.1831260185667816       
0.3308324867077209       0.1181832815559541       
0.3539005567388256       0.08019316291679994      
0.3765568236661128       0.03971905956877637      
0.3999999999999986       0                        
0.03988704910660681      0.5381570051197155       
0                        0.5633949684356758       
0.03995712269572654      0.5870455275316974       
0                        0.6119066386094896       
0.03987943610205179      0.6358857910364483       
0                        0.6604183087833034       
0.1810940704713197       0.3670020990745099       
0.1154875179728971       0.4419788554176845       
0.155936564276862        0.4124243386959718       
0.07894473674301337      0.5137673181483066       
0.1178051027198079       0.4895399333361189       
0.2306367322920992       0.3649853229121942       
0.2525857577004829       0.3255197685368442       
0.2759582975272974       0.25                     
0.2759582975272974       0.285                    
0.321438984256284        0.25                     
0.3380427051657428       0.2171048345581876       
0.3509131019395789       0.1558532963818968       
0.3544888376925134       0.1899171539809108       
0.3819864265059908       0.1244301462713184       
0.4029567712999917       0.07848508426271412      
0.4263458047714672       0.03817431408108277      
0.4499999999999986       0                        
0.03982541025913857      0.6844345683507033       
0                        0.7089299789571173       
0.0797165908340129       0.562583411191976        
0.07976411624859331      0.6114066983657928       
0.07964948437462049      0.6600305351523814       
0.2078966035509888       0.4065149671726145       
0.1558483520874462       0.4649769610607335       
0.1909244200859674       0.4437718694731158       
0.1194992188239546       0.5380713415634162       
0.1591354321953266       0.5136105557385527       
0.2552811091432899       0.4034564187745722       
0.2791211271028337       0.365174094861651        
0.2977366543365269       0.3269041491367917       
0.321438984256284        0.285                    
0.340719492128142        0.2675                   
0.3388145507052157       0.3232079460832368       
0.36                     0.25                     
0.3770080458416214       0.2153530748749544       
0.3902878376289067       0.1742805133148682       
0.4181053175765682       0.1474239414075407       
0.4276671761953204       0.11282633779256         
0.4512838399222335       0.07556748494574728      
0.4745666660268676       0.03924913115524827      
0.4999999999999987       0                        
0.03981852845400557      0.7328248115760161       
0                        0.7574416491309311       
0.0396875415576094       0.7809793724711015       
0                        0.805953319304745        
0.07949900218251216      0.7084247423148928       
0.1197531070019742       0.5870869619747016       
0.1192759559339295       0.6842024240055649       
0.1196167513769184       0.6358088176129929       
0.2322646821387756       0.4495834342334075       
0.2019019471243186       0.4883693665556508       
0.2364058295162263       0.4840787307392176       
0.159710154483674        0.5628473872376133       
0.2000550509767917       0.5388189710494604       
0.2812330607105011       0.440083157570516        
0.3034154912561696       0.4027309106255196       
0.3285692636669876       0.3643203826591368       
0.3597949775508752       0.3489384515139033       
0.36                     0.285                    
0.3733897916446844       0.3257498587100449       
0.3861640861651697       0.2733667265069904       
0.3974672568243781       0.2500000000000001       
0.4156352281464255       0.2127854976984312       
0.4347902256156752       0.1797309418093825       
0.455794921936948        0.1458517678495746       
0.4756440981915772       0.1129049381245327       
0.4984709198352823       0.07961798446032853      
0.5248890384475641       0.04254734048924365      
0.5499999999999987       0                        
0.03974700265357991      0.8287450462882585       
0                        0.8544649894785589       
0.03996313366047703      0.875051739999776        
0                        0.9029766596523727       
0.07924972574868075      0.7564277418886987       
0.07883405087164048      0.8039655106410386       
0.1187067601533659       0.7322582828210074       
0.1596196901686319       0.611838744604754        
0.1584022653138657       0.7082070462713418       
0.159413624775686        0.6603057645613057       
0.2680314097103527       0.4800756290540271       
0.2407812960170866       0.5181510002076426       
0.1996228949602375       0.588315365077427        
0.238907385145064        0.5664466197220018       
0.3107224257686185       0.476493499477912        
0.3275496790458136       0.438698045154474        
0.3451638701643725       0.4053430837234311       
0.3660403399356205       0.3783340688535585       
0.3877309690808842       0.3565902151798453       
0.3947630689157886       0.3044996593303615       
0.4023873304065967       0.335866233375918        
0.4185901050856821       0.2773339732045905       
0.4400343363255851       0.2500000000000001       
0.4609791465734122       0.2131804318222884       
0.4827761054864467       0.1769676595272188       
0.4897595385633113       0.1436244489061864       
0.5152477296734034       0.1213017126890485       
0.548017904264129        0.09056153013757115      
0.5746845184888407       0.04528534885710252      
0.5999999999999988       0                        
0.04414810858633753      0.9250246836103446       
0                        0.9514883298261866       
0.03386450821640866      0.9679474696696276       
0                        1                        
0.07905152094006877      0.8499460696653288       
0.07683215231846091      0.8891529705407388       
0.1183345493092145       0.7798464345687369       
0.1171246897621676       0.8262170473001382       
0.1574440938981911       0.7564327297300404       
0.1995997001472536       0.6366695489205592       
0.1964835141985881       0.7308970278970308       
0.1990841037297699       0.6851447735449091       
0.2926882847451737       0.5149655438013374       
0.2737983334591817       0.5505652560421568       
0.2398440488073423       0.6132720175552605       
0.2793426866497445       0.589557108400064        
0.3385824932590215       0.5125531542584505       
0.356229412238929        0.4725964810828008       
0.3685331889713855       0.4349415637343585       
0.3771368483263448       0.4057634423546586       
0.3997835071784347       0.3871575929043289       
0.4216965950160959       0.3602957885106354       
0.4340970926325959       0.3209955570703172       
0.4587960744180686       0.2852879578625812       
0.4845996446509647       0.2500000000000001       
0.5080393392153761       0.2095984918986978       
0.5259038545810304       0.1651390033834741       
0.5480139271725717       0.1316243093501608       
0.574741609666376        0.1210509458494291       
0.6000775865648651       0.09250306926768499      
0.6251221561590243       0.04614050179536927      
0.6499999999999988       0                        
0.09833911253121691      0.9247505245615031       
0.07517443249570582      0.9632243349116069       
0.04999999999999998      1                        
0.1218080963740867       0.8765441032220226       
0.1579011994861715       0.8030809145725404       
0.1539432390890411       0.8421010430758172       
0.1937876385427351       0.7756917725884148       
0.2254964860486704       0.7546635161099624       
0.23972568489632         0.6612465776671622       
0.2408798330469063       0.713542675952055        
0.3186458626201677       0.5595399850851135       
0.2818654770027608       0.6373972393130858       
0.3190527673871493       0.6131479751453164       
0.3681628779769743       0.5468969900087312       
0.3850460962042654       0.5048264260948082       
0.4001236173070535       0.4645156780329141       
0.4042305249764417       0.4227602553571275       
0.4365671608487403       0.3961074213140003       
0.4603877553411795       0.3593109826403878       
0.4823987430019944       0.3241892520391879       
0.5060433212308708       0.2880402971892935       
0.5304213049880919       0.2500000000000001       
0.5537619577910861       0.2066828202123245       
0.5762889306307726       0.160330117080288        
0.6008241299450658       0.1308049744485558       
0.6264168253234083       0.1213756572625497       
0.6506979024532922       0.09280455919010895      
0.6752711932019727       0.04627745484949915      
0.6999999999999988       0                        
0.1480428205343745       0.9190747311997227       
0.1243788300564444       0.9612824283761512       
0.09999999999999995      1                        
0.1750639264904266       0.8778942154999045       
0.1992863069347988       0.8308425408901774       
0.2356341089584228       0.7914086449876897       
0.2616512517288253       0.7556028278256047       
0.2818019810088895       0.6827495250498312       
0.2819191737689845       0.7244754996404472       
0.3559259447827379       0.5908770270833363       
0.3297537058882754       0.658734159507068        
0.3533925409579986       0.6261442053001167       
0.4127608349639527       0.5380284659091098       
0.3979462146467956       0.5755600181239511       
0.431483590505789        0.4958537463974319       
0.4470143929850892       0.4456075749538096       
0.4792748230804185       0.4045105145779981       
0.5053564689343658       0.3640381473391804       
0.5297117454548856       0.3274625701333673       
0.5543166891508307       0.2892768568179812       
0.579224116803291        0.2500000000000001       
0.6026942005279544       0.2050293089114869       
0.626595697539907        0.158765082782827        
0.6512664389356508       0.1304213983150321       
0.6759863506202628       0.1208029353781743       
0.7005856194083568       0.09249895885399781      
0.7252188482561004       0.04623414651395266      
0.7499999999999989       0                        
0.1994567371957672       0.918531671296254        
0.1743973734913804       0.9596960839646581       
0.1499999999999999       1                        
0.2248494446074145       0.8768461244866534       
0.2525898442608554       0.8362096241637396       
0.2809931262346521       0.7954415883482389       
0.3049244566390816       0.7556632677337236       
0.3260002390556119       0.7115703522836558       
0.361571923275614        0.6849579674415388       
0.4563237275579834       0.533029297340602        
0.3877898216832299       0.6148114542612785       
0.3744273164361242       0.6531729308078775       
0.4376018824789301       0.5720039080729106       
0.4207299102120007       0.6016091587251624       
0.4771271860302337       0.4904480376722767       
0.5011975173451332       0.4479633099241078       
0.5278806446285432       0.4079706952288147       
0.5526231270759951       0.3693019706090396       
0.5781340946861103       0.3293797717099811       
0.6032934826812569       0.2897471116437234       
0.6282163886376602       0.2500000000000001       
0.6520780413733357       0.2043975956591684       
0.6763544319445123       0.1583474272007541       
0.7008839757315689       0.1300697906795404       
0.7256633972155997       0.1206101073581775       
0.750322070126366        0.09252162218624863      
0.7751342774678668       0.04610779120959684      
0.7999999999999989       0                        
0.2498068275502432       0.918409529251428        
0.2245800305007637       0.9592693433751571       
0.1999999999999999       1                        
0.2752854720476349       0.8778888329960055       
0.301951444256732        0.836947002594704        
0.3264335480519989       0.7964065341318631       
0.349006656834583        0.7556002744545989       
0.3732968486473698       0.7195896855393641       
0.401602336340851        0.6844230502602748       
0.5002407645941358       0.5313700033019323       
0.4787281067748594       0.5704716226899503       
0.4243170030637221       0.6415053855272272       
0.4572001159646782       0.6080115636526008       
0.5253222017765764       0.4906840163603232       
0.5517789562311112       0.4510627795936458       
0.5771297291644746       0.4104619178265745       
0.6023368993439554       0.3699769252173112       
0.6274489991388928       0.329869360873988        
0.6523960202211031       0.2899478795552425       
0.6772086604720291       0.2500000000000001       
0.7013918808291075       0.204204486008341        
0.7258300794691133       0.1580895246065983       
0.7504877228275169       0.1299609095575606       
0.7752860823449357       0.1206033484710577       
0.8001542025348346       0.09238817001114495      
0.825110543889902        0.04550280854623481      
0.849999999999999        0                        
0.2999529506900869       0.9187466346612607       
0.2748487002052785       0.9593117874346739       
0.2499999999999999       1                        
0.3255974366073421       0.8780815411492907       
0.3508092383379089       0.8376538947790867       
0.3748517253098849       0.7978330912679453       
0.3984580454524332       0.7588738436757304       
0.4241443828301155       0.7210575600032268       
0.449285180293597        0.682514572120439        
0.5430780586629447       0.5329953796948291       
0.5208646863492381       0.5705912566373882       
0.499407102941517        0.6076991689720274       
0.4731692997591738       0.644554678392552        
0.5773674753600104       0.4990469506956853       
0.5792888155699089       0.5438893512524634       
0.6015745572630865       0.4519922446693761       
0.626777378945001        0.4105408468530276       
0.6517892547386406       0.3701128963976447       
0.6766916156354905       0.330030208606228        
0.7015006999205401       0.2900264966495649       
0.7262009323063983       0.2500000000000001       
0.750657440708189        0.2040888130005427       
0.7753369849815692       0.1579799451657208       
0.8002212251347096       0.1299187863171592       
0.8252363263638637       0.1203684806636565       
0.8502497985719187       0.091491227078945        
0.8753107360576273       0.04395554595766525      
0.899999999999999        0                        
0.3501430469824842       0.9188545394699402       
0.3249655170517132       0.9594465133155256       
0.2999999999999998       1                        
0.3754459338509772       0.8784000145803242       
0.4002950048697854       0.8383346672791803       
0.4242858945379246       0.7988601071750511       
0.4483050704366898       0.7599880009432254       
0.473901020146852        0.7209938817109378       
0.498577039620868        0.6825528768284151       
0.5599709395629442       0.5720368895921418       
0.5435539337994021       0.6078465860592032       
0.5227186245890932       0.6448231068694686       
0.5990052548122665       0.5689312005778535       
0.6129507585541492       0.5312280806876504       
0.6274626482938042       0.4910422810396756       
0.6514658511261012       0.4505599766735803       
0.6763679820337472       0.4101411203336788       
0.7010946886519105       0.3700936890995876       
0.7258574463142381       0.3300854108743594       
0.750563842311302        0.2900600264025228       
0.7751932041407674       0.25                     
0.7999871710770683       0.2041720801629468       
0.8250925294483453       0.158253987274216        
0.850465679607374        0.1297869487370708       
0.8761508103715802       0.1199198894992568       
0.9025495425474264       0.08867597949535323      
0.9252577890202422       0.04002532906849236      
0.9499999999999991       0                        
0.4001210668758829       0.9190203011619573       
0.3750240282551856       0.9594708625707254       
0.3499999999999998       1                        
0.4250554881131911       0.8787802489455877       
0.4496672168356619       0.8388385787488905       
0.4741383043230925       0.799292461135335        
0.4989006821408896       0.7599681216207536       
0.523793881257992        0.7207993211835798       
0.5485664056808178       0.6816811735269073       
0.5853981180022663       0.6072983078259613       
0.5729641313513526       0.6446307864582315       
0.6193422614249853       0.594507519585076        
0.6373787879730408       0.5669163374251787       
0.6556707440732548       0.5283934216618472       
0.6759959920665393       0.4898021806772757       
0.7006839178441926       0.4499001418170492       
0.7255760974930768       0.4100094078584724       
0.7502870910194748       0.3700993923990395       
0.7749654159410529       0.3301216267187259       
0.7996011021270575       0.2900824699476038       
0.8241854759751366       0.2500000000000001       
0.8494738748423126       0.2044919099876859       
0.8755989332811616       0.1589011591692795       
0.903568954867491        0.1295968674441902       
0.9364330155668261       0.1184921262406469       
0.9524960447801758       0.07595114540974626      
0.9758229919384587       0.03623156386360353      
0.9999999999999991       0                        
0.4499878028495901       0.919155834669207        
0.4250199684510342       0.959526922976953        
0.3999999999999998       1                        
0.4748090168895991       0.8789704955571157       
0.4994897546605471       0.8390018800670526       
0.5241977324704432       0.7992703332548686       
0.5489896855581485       0.7597169762121639       
0.5737372636792107       0.7200761565207002       
0.5983277917839058       0.6797671093775554       
0.6216832826709474       0.6350738366553154       
0.6553513464452003       0.6033746128955065       
0.6798607966594012       0.5663931888589611       
0.7027093103026059       0.5285715155284446       
0.7258925039154643       0.4891836097884057       
0.7502141431835759       0.449658176011517        
0.7748044983968813       0.4099689299235122       
0.7994264352702158       0.3701244166113269       
0.8240376464156277       0.3301542894223399       
0.848623839189976        0.2901020313298634       
0.8731777478095055       0.25                     
0.8988013914626592       0.2056242333196734       
0.9271124725704609       0.1619951828164147       
0.9615635965638116       0.1400022351736017       
0.9745993899906893       0.1073149964240806       
0.9986557260315475       0.07071296052373227      
1.024468540298979        0.03550275536590616      
1.049999999999999        0                        
0.499890871378549        0.9192182295785251       
0.4749795275141489       0.9595591995579028       
0.4499999999999998       1                        
0.5247133846414535       0.8790214191211327       
0.5494918977545021       0.8389934281005833       
0.5742698531228122       0.7991434684746634       
0.5990239303616341       0.7593773411847189       
0.6236985517127789       0.7192365737909211       
0.6480225849995644       0.6795744102251828       
0.6721569513325729       0.6423389341246051       
0.7013515459229248       0.6044428773030291       
0.7266568921779321       0.566483173290752        
0.750810116114896        0.52797278734444         
0.7749670778509845       0.4889271389154859       
0.7993887208421612       0.4495761668604577       
0.8239366679903775       0.4099692162277702       
0.8485153750890654       0.3701520233118334       
0.8730849211013224       0.3301832171038274       
0.8976377269748458       0.2901191260119906       
0.9221700196438747       0.2500000000000001       
0.9452912808675771       0.2083047043574076       
0.970684004646992        0.1718084259197185       
0.999231264349441        0.1406337481604548       
1.022521337691821        0.1060835876041594       
1.048270483914181        0.07070885012577598      
1.074075370892964        0.03538670911599839      
1.099999999999999        0                        
0.5498695322693836       0.9192296113175323       
0.5249611710706145       0.9595696741985336       
0.4999999999999998       1                        
0.5747312761871185       0.8790062574651719       
0.59956271888485         0.8389385921416301       
0.6243668400571518       0.7990493648730017       
0.649107641744823        0.7593000398951286       
0.6737709382815966       0.7198437903227278       
0.6984979942155852       0.6811862170799722       
0.723962865719904        0.6431708703536685       
0.7501180159271933       0.6048468209353972       
0.7750958912304764       0.566479909363776        
0.7995683424736275       0.5278279287259768       
0.8239800968327157       0.4888459203707594       
0.848469730589354        0.4495531676005908       
0.8730157396480523       0.4099789174726598       
0.8975707598901193       0.3701755733548642       
0.9221134750062516       0.3302066829569194       
0.946644333145235        0.2901325446060777       
0.9711622914782438       0.25                     
0.995787145850122        0.2124163223608146       
1.019024603602151        0.1774896542254583       
1.047019978044233        0.1411030537902567       
1.072061530228652        0.1059282530662518       
1.097897786429724        0.07070857739463073      
1.123864343445881        0.03535164443434799      
1.149999999999999        0                        
0.599889985873821        0.9192328432722928       
0.5749637254826393       0.9595759677885943       
0.5499999999999997       1                        
0.624786533058169        0.8789931382160879       
0.6496532945939647       0.8389128272128273       
0.6744778986954171       0.7990571961813058       
0.699254018225254        0.7595056455218184       
0.7240437019858632       0.7204106543921065       
0.7490282752929992       0.6818191223360307       
0.7742692957253624       0.6434396339262597       
0.7993746226769924       0.6049966781474658       
0.8240741949744183       0.5664889130379375       
0.8485541944688048       0.5277908245328858       
0.8730072474705951       0.4888231340617843       
0.8975132993551679       0.4495538987648888       
0.9220576085777862       0.4099957973500253       
0.9465992098510313       0.3701979899274221       
0.9711257635516307       0.3302251772281802       
0.9956441025859907       0.2901417709687482       
1.020154563312613        0.2500000000000001       
1.044586864172443        0.2135234472514614       
1.069884780834438        0.1774747871498639       
1.095859386644811        0.1417288008016111       
1.121600451501502        0.1062109470301027       
1.147558320951796        0.07075958709277813      
1.173696002783101        0.0353536133895574       
1.199999999999999        0                        
0.6499063206714939       0.9192333771469009       
0.6249624767739986       0.9595866365223263       
0.5999999999999996       1                        
0.6748274380169574       0.8789827322505737       
0.6997207582334676       0.8389080250234744       
0.7245780560944581       0.7991133828320461       
0.7494036904271256       0.7597040999066955       
0.774242731553881        0.7207284827483531       
0.799132938263396        0.6820928559230629       
0.8239996670867765       0.6435940092752164       
0.8487078809289149       0.6050598739655271       
0.8732141858736341       0.5664968817399204       
0.8976204244880565       0.5277841863027534       
0.9220429787461796       0.4888276070821135       
0.9465337399380919       0.4495748338090785       
0.9710702557554769       0.4100236736640092       
0.9956056148488268       0.3702205469583968       
1.02012524166725         0.3302382591059396       
1.044638585828628        0.2901468486831402       
1.069146835146982        0.25                     
1.09403300811023         0.2137343074305088       
1.119376364566322        0.1776927472864116       
1.145213214693715        0.1419630164867802       
1.171130156307272        0.1063228083192218       
1.197243356508542        0.07078896327643826      
1.223550283094163        0.03535928077292139      
1.249999999999999        0                        
0.6999108312713646       0.9192218644451361       
0.674964908052656        0.9595845808226301       
0.6499999999999997       1                        
0.7248375664388251       0.8789617925565715       
0.7497449980678147       0.8388954003805725       
0.7746181647410717       0.7991440743839219       
0.7994454961719528       0.7598018588998984       
0.8242257895035449       0.7208615004345953       
0.848944130567566        0.6822029022567895       
0.8735677268907402       0.6436370805370457       
0.8980488194687197       0.60508177187236         
0.9224041640188255       0.5665028839909549       
0.9467194522175527       0.5277906937316693       
0.9710889932700622       0.4888415478648589       
0.9955506300165927       0.4495939901558956       
1.020071820452286        0.4100427509292301       
1.044600533182942        0.3702331195547487       
1.06911775377086         0.3302430339237209       
1.093630418733102        0.2901477067251757       
1.118139106981351        0.2500000000000001       
1.143281223448           0.2138348995432867       
1.168696941037473        0.177782412402609        
1.19464551086191         0.1420641166802731       
1.22068518206067         0.1063637575142201       
1.246954840938633        0.07079930122294741      
1.273426654233599        0.03536167941455019      
1.299999999999999        0                        
0.7499152619371151       0.9192106094078918       
0.7249684554753509       0.9595800257162019       
0.6999999999999997       1                        
0.7748364791390777       0.8789437202543261       
0.799732447404899        0.8388821855879033       
0.8245850261406101       0.7991538652776894       
0.8493653388166654       0.7598389020457147       
0.8740496790469358       0.7209077261139444       
0.8986173252543895       0.6822326938107572       
0.923060806337771        0.6436434222296772       
0.9473842286740887       0.6050873893924376       
0.9716142911160101       0.5665048430826585       
0.9958374179241963       0.5277915214225153       
1.020145129483011        0.4888403908735328       
1.044570454478003        0.4495873267346804       
1.069072662273419        0.41003308747309         
1.093592802981062        0.3702261499002096       
1.11810854598391         0.3302391884733776       
1.142621988428429        0.2901458396084506       
1.16713137881572         0.25                     
1.192453708636328        0.2138735318569438       
1.218108986364098        0.1778977243347702       
1.244087047504657        0.1421045796582495       
1.270254215974148        0.1063747280373535       
1.296676886211437        0.0708024592064317       
1.323286350348746        0.03536189163557735      
1.349999999999999        0                        
0.7999232748302889       0.9192069110603617       
0.7749734714532496       0.9595770958410821       
0.7499999999999998       1                        
0.8248347406600524       0.8789442567902666       
0.849699546870215        0.8388909000707124       
0.874503335781771        0.799171217481584        
0.8992142083329897       0.7598584580664459       
0.9237975964720962       0.7209187195024854       
0.9482308281977844       0.6822351270421737       
0.9725139002864114       0.6436420016242006       
0.996723712623626        0.605087665195328        
1.020837115784892        0.56649505138418         
1.044963376695409        0.5277730373652808       
1.069200921128016        0.4888110143404389       
1.093585280512276        0.4495525484257166       
1.118069990050576        0.4100020297670806       
1.142584991821161        0.3702067293355525       
1.167100380024774        0.3302313191454246       
1.191614409907221        0.2901437942399265       
1.216123650650089        0.25                     
1.241577772946206        0.2138669770140735       
1.267380670272816        0.1778933563788979       
1.29351135325614         0.14210808285124         
1.319828033938651        0.1063754251227447       
1.346401889943241        0.07079810968925622      
1.373193737622848        0.03534089395770301      
1.399999999999999        0                        
0.8499243451408199       0.9192084158413757       
0.8249759969911431       0.959575380362743        
0.7999999999999998       1                        
0.8748213070815666       0.878955979024982        
0.8996508478744191       0.838912766369391        
0.924401699394784        0.799193656441635        
0.9490410648126452       0.7598702553590363       
0.9735237816277692       0.7209178631021184       
0.9978283118136071       0.6822281567337961       
1.021986870830935        0.6436630654681178       
1.046072917262842        0.6050746558033058       
1.070063750962132        0.5664720046547292       
1.09408244365788         0.5277391457073907       
1.118241741459082        0.4887673086424719       
1.142584538095416        0.449508136517054        
1.167058483756566        0.4099687578579872       
1.191576184249515        0.3701891807695867       
1.216093761895517        0.3302256088880532       
1.240607586793137        0.2901430892403275       
1.265115922484458        0.25                     
1.290626527363599        0.2137944111837982       
1.316664216739454        0.1778906785816103       
1.342940263930205        0.1421085357240702       
1.423179499013065        0.03533878478916914      
1.45                     0                        
1.36940193912234         0.1063748187620885       
1.396137967058722        0.07079299601122531      
0.8999143923114201       0.9192082979473292       
0.8749744655407098       0.9595734769785175       
0.8499999999999999       1                        
0.9247921137883442       0.8789620828696409       
0.9495902098465785       0.8389239785798385       
0.9742958438496331       0.7992016820579532       
0.9988701347610727       0.759868683082801        
1.023256320285264        0.7209103796273707       
1.047440812012227        0.6822153535278112       
1.071471062398791        0.6436202420393828       
1.095426688773733        0.6050501642333406       
1.119284518751074        0.5664443878476945       
1.143187634226781        0.5277049116608944       
1.167266809442917        0.4887322862628876       
1.191570186629469        0.4494790462050581       
1.216036957029637        0.4099497223167909       
1.240561963890751        0.3701807102492731       
1.472846824865753        0.03535776980673986      
1.5                      0                        
1.265085497559056        0.3302244208324828       
1.289600405430353        0.2901440189902538       
1.314108194318827        0.25                     
1.339858435619264        0.2138634271147169       
1.36595175473694         0.1778951919038579       
1.392369037680182        0.1421141150349946       
1.445828703860748        0.07079860992237268      
1.418967015879016        0.1063790329704262       
0.9498998902672019       0.9192077907583069       
0.9249706328196012       0.9595726279949495       
0.8999999999999999       1                        
0.974758129472642        0.8789615024430263       
0.999529626310026        0.8389212018554381       
1.024196240279967        0.7991942966456929       
1.04870849206705         0.7598565478841319       
1.07300326003244         0.7208968550405975       
1.097071342817246        0.6822017663952438       
1.120974027986399        0.6436016644188048       
1.144779487933091        0.6050319523858444       
1.168501691951908        0.566426188293624        
1.19228872324975         0.5276898038089651       
1.216287640807228        0.4887229685914936       
1.240552377327925        0.449477689711403        
1.26501113437175         0.4099544890956914       
1.289541701599656        0.3701857384108959       
1.522664860503236        0.03537086804015519      
1.55                     0                        
1.495494927172753        0.07081614597162787      
1.314072843107404        0.3302276807207025       
1.338591986419624        0.2901457608900338       
1.363100466153196        0.25                     
1.388917711977009        0.2138089429770656       
1.415239602529105        0.1779067307948428       
1.441796627315173        0.1421282629174237       
1.468522355695555        0.1063935044279633       
0.9998844562280449       0.9192075502158144       
0.9749644682862484       0.9595723748068874       
0.95                     1                        
1.024728854380734        0.8789596736421582       
1.04947962680349         0.8389138733210392       
1.074110874207041        0.799181174088362        
1.098559590285921        0.7598414539644267       
1.122759744094832        0.7208814918759939       
1.146703203535876        0.682188746980774        
1.170454046181039        0.6435935285510315       
1.194136174733573        0.6050273199724124       
1.217727363611431        0.5664325257633736       
1.241403203336102        0.5277064934813769       
1.265322578436945        0.4887468779766971       
1.289543284130348        0.4495024135790747       
1.313989832498415        0.4099757633510957       
1.572532483816902        0.03538765520906326      
1.6                      0                        
1.33852470192557         0.3701997413565447       
1.545210840056526        0.07084550108410244      
1.518093577582511        0.1064240235146902       
1.363061754434521        0.3302324658079677       
1.387584278667597        0.2901457554982155       
1.412092737987565        0.25                     
1.438154276431413        0.2138862651626728       
1.464540258037042        0.1779324017148884       
1.491228207104099        0.142151835919668        
1.049868986751099        0.9192050789351603       
1.02495663872566         0.9595716061082847       
1                        1                        
1.074706662203309        0.8789548961280721       
1.099445332381596        0.8389051319219356       
1.124045595737318        0.7991673323201428       
1.148428819402187        0.7598262572745983       
1.172526727315817        0.7208682345866286       
1.196341256586084        0.6821783228394841       
1.219962894956401        0.6435797725113043       
1.243507614152075        0.6050545409471645       
1.266974758926166        0.5664693334586387       
1.290545317267844        0.5277501315270346       
1.622448637769866        0.03540761284504092      
1.65                     0                        
1.314384376149853        0.4887899282507704       
1.33855585930792         0.449536095054116        
1.362983930847237        0.409993658116316        
1.594987012578491        0.07088813216899965      
1.387520691945485        0.3702041872219478       
1.567706898306164        0.1064734927684815       
1.54067967044302         0.1421898077282952       
1.412060466459289        0.3302286490628447       
1.436580416487357        0.2901401955365895       
1.461085009821934        0.25                     
1.487290499055147        0.2138938242238853       
1.513832883534949        0.1779564574234921       
1.099860024523005        0.9192010478941066       
1.074951339685812        0.9595706336918207       
1.05                     1                        
1.124696118396757        0.8789461137577604       
1.149427680057668        0.8388920445182086       
1.173997918578477        0.7991527194294754       
1.198314055543318        0.759814735719497        
1.22230769965192         0.7208651623832445       
1.245991734961846        0.6821922327073805       
1.269469239421807        0.6436566024250041       
1.292906862229138        0.6051073674354274       
1.316257525966653        0.5665215660896069       
1.339721066148083        0.5277979031157772       
1.672432377434938        0.03540079527705929      
1.7                      0                        
1.644854438355541        0.07092376084476744      
1.363475850888978        0.4888229650584903       
1.387592023366435        0.4495471577593559       
1.411995726515021        0.4099843804531499       
1.61738535219964         0.1065334388067524       
1.436528336979105        0.3701842932737636       
1.590166022041395        0.1422439421607898       
1.563150195552935        0.1780039227423793       
1.461067105033381        0.330210164277913        
1.485580099956372        0.2901293339058143       
1.510077281656303        0.25                     
1.536440823060218        0.2139124946686875       
1.722493079894959        0.03527591628227431      
1.75                     0                        
1.149863664254471        0.9191975568782955       
1.12495187470129         0.9595695978970413       
1.1                      1                        
1.174701992828489        0.878937438622776        
1.199426196031199        0.8388791854092142       
1.223962777475509        0.7991423643515675       
1.248208936288594        0.7598162502909144       
1.272099481930694        0.7208858340471425       
1.295661281377677        0.6822386585359353       
1.319017038460754        0.643716849574424        
1.342344184880292        0.6051582375096031       
1.365577630239574        0.566562899251961        
1.388929079674349        0.5278192780015917       
1.694888818721987        0.07087748541774437      
1.667175259790528        0.106558955735999        
1.41259323467556         0.4888154395652047       
1.436647736335609        0.4495106333229723       
1.461018615204023        0.4099314783089927       
1.639694461251586        0.1422999900103135       
1.485538092449625        0.3701351014173018       
1.612476640554589        0.1780701022551721       
1.585613804043899        0.2139619618443345       
1.51007120402848         0.3301782767903033       
1.534578361215072        0.2901160813655638       
1.559069553490672        0.25                     
1.745310740849777        0.07066028953466842      
1.772376235525518        0.03473900625980589      
1.8                      0                        
1.199878911083512        0.9191971235680686       
1.174958650803754        0.9595693482489601       
1.15                     1                        
1.224721585014956        0.8789356544484349       
1.249436347541206        0.8388779424938689       
1.273938665071143        0.7991496556461088       
1.298117022663278        0.7598398792675081       
1.321911067168924        0.7209307763790994       
1.345372299673277        0.6822949157555542       
1.368616187626087        0.6437700936060683       
1.391823357664803        0.6051881335378227       
1.414929372070173        0.5665663120245551       
1.438169998171722        0.5277859730389816       
1.717220348028235        0.1064687296015255       
1.689279604741218        0.1423366691448466       
1.461742107989642        0.4887448750618554       
1.485727641152499        0.4494148724115487       
1.510053755543894        0.4098342327308979       
1.661782933530717        0.178150421198438        
1.534548500737766        0.3700602793845508       
1.634751064080973        0.2140137298121398       
1.608061825325041        0.25                     
1.559069489146244        0.3301350861992473       
1.583571784069962        0.2900990734887885       
1.767980981862395        0.1060421115944075       
1.796782337417299        0.06940934199623053      
1.823111019138331        0.03502491246545944      
1.85                     0                        
1.873443735412746        0.03465446698014278      
1.9                      0                        
1.249899159666687        0.9192029515545433       
1.224968898677587        0.9595720354256514       
1.2                      1                        
1.274746819576104        0.8789475256980918       
1.299451640184436        0.8388988163972159       
1.323923345450756        0.7991836249934045       
1.348045144372131        0.7598873273003218       
1.371756478626397        0.7209862260660399       
1.395118194566571        0.682348396592106        
1.41828782903301         0.6438021408981138       
1.441336936933348        0.6051755914723815       
1.464322917458227        0.5665096655539826       
1.487458353883644        0.5276824524121498       
1.738921071973315        0.1423429356641951       
1.710981885235649        0.1782640406691422       
1.510936385387236        0.4886058613448925       
1.534841267621879        0.4492654762874788       
1.559106554167198        0.4097054615406754       
1.683815239739924        0.2140919289344463       
1.583563530431705        0.3699716772972534       
1.657054097159409        0.25                     
1.632562930695618        0.2900776755844786       
1.608066430178557        0.3300858991805847       
1.7883411773685          0.1424643958407725       
1.924109780825073        0.03528711528774976      
1.95                     0                        
1.965536283980554        0.03209198688791899      
2                        0                        
1.821438293181346        0.1048907932266294       
1.848571474679581        0.07118745024457751      
1.901746394028342        0.07017461032870931      
1.299914575359079        0.9192141563824635       
1.274976450080575        0.9595767530555149       
1.25                     1                        
1.324767985995106        0.8789707637709888       
1.349467648322195        0.8389382962659591       
1.373914958240736        0.7992351267294268       
1.397991017483478        0.7599414136443285       
1.421627732997723        0.7210312181704962       
1.444886232558851        0.6823734339775528       
1.467926700517123        0.6437884746753489       
1.490895426575112        0.6051053347429458       
1.513782546597572        0.5663813835919332       
1.536819241925378        0.5275064519294013       
1.759816838188722        0.1785084073622563       
1.732559781710054        0.2142236661316366       
1.560198396330861        0.4884105272140986       
1.584005482914746        0.4490847797008582       
1.608186382481576        0.4095665338602685       
1.706046368993778        0.25                     
1.63258919259753         0.36988442709735         
1.681555542260532        0.2900564869634197       
1.657066976291366        0.3300393022987372       
1.835010094010503        0.143786808142033        
1.806961695381001        0.1792108727365596       
2.03257085055983         0.03386277555770424      
2.050000000000002        0                        
2                        0.04999999999999982      
1.953571639077698        0.07517281915184536      
1.874650627400379        0.1133325954369169       
1.920892277796992        0.1069440240142775       
1.872372027520927        0.1541795646124558       
1.349919262366403        0.9192232470551885       
1.324977311667523        0.9595791343223042       
1.3                      1                        
1.374779018254987        0.8789921645517785       
1.399480952506036        0.8389744010552578       
1.423913289102237        0.7992777679156818       
1.447949876780792        0.75997561514236         
1.471518785328522        0.7210436028669168       
1.494690383753966        0.6823519563217606       
1.517645798159267        0.6437205149948649       
1.540549035228214        0.6049687016598381       
1.563350892617284        0.5661804971890715       
1.586284195570747        0.5272601913548414       
1.781362222194738        0.2145357939050865       
1.755038640828147        0.25                     
1.609544427389735        0.4881627921351248       
1.633230459064655        0.448883054004674        
1.657299849044102        0.4094314404314497       
1.730543859484649        0.2900400312444055       
1.681623602625794        0.3698073466755583       
1.706064902955434        0.3300006521612219       
1.849888729301102        0.1819883499532896       
1.830016273628346        0.215222175643852        
2.100000000000001        0                        
2.075554384049016        0.04404780404817819      
2.037299868750132        0.07526607374034319      
2                        0.09999999999999987      
1.959037666559475        0.1259691434226544       
1.914833452134671        0.1506618938333029       
1.887477234757978        0.1811281756967368       
2.127841580211513        0.0401041490879965       
2.150000000000001        0                        
1.399917330325137        0.9192259117114677       
1.374974138133363        0.9595789430375258       
1.35                     1                        
1.424784376340119        0.879000997515695        
1.44949336518567         0.8389884916437427       
1.473918024355409        0.7992901048218845       
1.497921994468693        0.7599754339327677       
1.52144309283106         0.7210177763523028       
1.544559808082713        0.6822870259559545       
1.567470826424788        0.6435833283931066       
1.590364463527247        0.6047701906356789       
1.613076154134895        0.5659076947465432       
1.635862038305412        0.5269365619167856       
1.804030912662516        0.25                     
1.779496644535437        0.2900305809178008       
1.658953088739126        0.4878472256024872       
1.682478666137278        0.4486472313654649       
1.706411350344962        0.4092989018681684       
1.755025915781886        0.3299698792245123       
1.730635666219756        0.3697427535022397       
1.876985284723781        0.2154843766376415       
1.853023184496885        0.25                     
2.112257161731956        0.07696100479973057      
2.076523215651119        0.09921842852441271      
2.03918955931065         0.1244683401326463       
2                        0.1499999999999999       
1.96492863034749         0.1730361235365008       
1.923823688795524        0.2043278159361959       
2.153013949610075        0.07981047209036499      
2.176029543391225        0.03998944635507225      
2.200000000000001        0                        
1.449915952003716        0.9192267884434288       
1.424970930935745        0.9595794048728066       
1.4                      1                        
1.474792469271604        0.8790011529312266       
1.499511157970323        0.8389859972862751       
1.523933207012004        0.7992809471114101       
1.547921535391772        0.7599520778411235       
1.571436592492566        0.7209654857623683       
1.594577931385674        0.682181578776766        
1.617535040140672        0.6434133214147834       
1.640422568295491        0.604518730611012        
1.662957016942849        0.5655459810120095       
1.685466574797221        0.5264904645161773       
1.8283970397718          0.2900586762326711       
1.803887625224567        0.3299565205613943       
1.708304371945012        0.4874329486896809       
1.731640059835781        0.4483829849604244       
1.755428801524859        0.4091784803381313       
1.779549417971077        0.3696930616309558       
1.902015456331254        0.25                     
1.877157792069903        0.2901491179922576       
2.124726025838116        0.122620843116697        
2.080742939950229        0.1485722794193804       
2.040571453175546        0.173752994081389        
2                        0.2                      
1.967952009461728        0.2154727878945393       
1.951007728165623        0.25                     
2.176076834632236        0.1193784516316714       
2.158371404072523        0.1557081641961199       
2.201164562490698        0.07980614308243211      
2.225473141818209        0.04000660091673384      
2.250000000000001        0                        
2.275446900310385        0.04000300584876583      
2.300000000000001        0                        
1.499915601246996        0.9192268613316906       
1.474967650637941        0.9595793869748745       
1.45                     1                        
1.524803454555562        0.8790002304299258       
1.549533619311667        0.8389832735404298       
1.573962602074293        0.7992740889120563       
1.597972956056415        0.7599301171602878       
1.62156428770461         0.7209071320030747       
1.644870338722846        0.6820612970022336       
1.66800908773825         0.6432216385540581       
1.690762548289573        0.6042257938032739       
1.712744051850678        0.5650623344453464       
1.734653061261926        0.5259344652088473       
1.852554051966769        0.3299923346873514       
1.828261383918349        0.3696654667913419       
1.757359144975633        0.4870128240669824       
1.780550586087141        0.4481715541985422       
1.804235352642785        0.4090930525888611       
1.925570160968347        0.2904990056103439       
1.900817987065467        0.3301925730392717       
2.121859216629028        0.1742474184252357       
2.081588169096916        0.1971256522359016       
2.04178668098257         0.2219971670883647       
2                        0.25                     
1.972764343172612        0.2919610533252421       
2.165695919481369        0.1967092242970084       
2.199245706088455        0.1620012053006629       
2.19980920651081         0.1957127941395804       
2.225917640758839        0.1194338807765853       
2.250491069032737        0.0802108888275352       
2.325608540627609        0.03971944542729217      
2.350000000000001        0                        
2.300826849527173        0.0802101840363454       
2.37541812420368         0.03862652741290083      
2.4                      0                        
1.549914305163392        0.9192240528057543       
1.524964670980627        0.9595774534589975       
1.5                      1                        
1.574811021630535        0.8790004202479268       
1.599553119620465        0.8389899322090409       
1.624007716960612        0.7992845312622143       
1.648101548826025        0.7599281495860307       
1.671905760189906        0.7208671238724756       
1.695619978373388        0.6819663477188124       
1.719287625297452        0.643093893577078        
1.741226005872021        0.6039041566534892       
1.761639071200316        0.5642373540119066       
1.783392011828708        0.525190043233567        
1.876596284311338        0.3696961235894675       
1.852695934023124        0.4090379760030702       
1.805890190218151        0.4867944212951461       
1.829087023185408        0.448081268342963        
1.948401924103541        0.3308261838598829       
1.924339161331689        0.3698734589495658       
2.122153042161148        0.2204040458724944       
2.046105799082572        0.2674582995481148       
2.08245459683631         0.243645783746366        
2.017499392235825        0.2978750108256154       
1.993960899956726        0.3325527921403801       
2.160092915446548        0.2453333165462108       
2.200741431168755        0.2275263479165737       
2.229105322742631        0.1948692077602433       
2.249860414932924        0.1584914561452042       
2.27545676229775         0.1211617073251973       
2.351592366915368        0.07959022440939806      
2.326369313189618        0.1205740733133343       
2.400765967758014        0.07539743519016179      
2.424542707571196        0.03705178679012561      
2.45                     0                        
2.465935792614165        0.03255642209121328      
2.5                      0                        
1.599914376041218        0.9192240879628328       
1.574964713393364        0.9595762593613446       
1.55                     1                        
1.624812112159815        0.8790089287976596       
1.649563327675459        0.8390146558117054       
1.674066947836256        0.7993234755147105       
1.69832005691889         0.7599631564443626       
1.722519854869581        0.7208640899553883       
1.747143505387461        0.6818955398177531       
1.773274739685465        0.6433499367628513       
1.789647998908645        0.6034556273204787       
1.80971450857338         0.5619576929126405       
1.831087276391023        0.5251434680005068       
1.900673459846349        0.4089927725372907       
1.877222677828311        0.4480212121693138       
1.853975951578464        0.4868304057073194       
1.97128179450331         0.3703109560566488       
1.948037066454596        0.4089612606109267       
2.052105555645629        0.3033771655448925       
2.120436742878017        0.2673970277950029       
2.082657146816635        0.2874925099383178       
2.036731438814286        0.3337720355929676       
2.017053509352746        0.3705630853011234       
2.156564939978062        0.2914005184901588       
2.194093036059676        0.2714848801872423       
2.225962633908994        0.2572775285659762       
2.265549978920948        0.1965794653975396       
2.24249817451497         0.2292812818465225       
2.29927528634521         0.1680497608521795       
2.295144266875052        0.2080738543001797       
2.348872080708345        0.1596759586341411       
2.380565406186115        0.1230136810763539       
2.42298886199506         0.1113341570990757       
2.455136360851319        0.0757303360464778       
2.5                      0.04999999999999916      
1.64991687549264         0.9192333507354329       
1.624968199510591        0.9595785095798727       
1.600000000000001        1                        
1.674806215221003        0.8790350521526089       
1.699558584459108        0.8390674738193818       
1.724119875387407        0.7994031003043234       
1.748564542740135        0.7600516353720917       
1.773220167041205        0.7208863517126658       
1.798914569868241        0.6813794426564769       
1.828186230242392        0.6377777073669271       
1.830552730611728        0.5954363793867714       
1.854839525310839        0.564200280135489        
1.878689440447276        0.5257707997414079       
1.924915471306412        0.4478519733272251       
1.90188499315303         0.4868017358392563       
1.994817534871475        0.4089083563660475       
1.972019004964823        0.4475328998026327       
2.077178471632441        0.3283401260226584       
2.117428803564609        0.3137569937712215       
2.062590804062351        0.3699240337231355       
2.040925690154089        0.408395406123105        
2.15374057120655         0.3382405405548965       
2.191866535418153        0.3164519402923638       
2.229329760437545        0.290919629312171        
2.256562289767972        0.2643547728192753       
2.277067390580523        0.2350803686195272       
2.308251437156045        0.2348768371052931       
2.33371579689386         0.2056830909302763       
2.371619395250872        0.1905587670303679       
2.386643352764495        0.1630487262656596       
2.420052137069724        0.1489015627473328       
2.459488044230439        0.1267037152691538       
2.5                      0.0999999999999992       
1.699920198413019        0.9192553825050891       
1.674972999238163        0.9595863285730207       
1.650000000000001        1                        
1.724793971941681        0.8790816311526243       
1.749531266921311        0.8391498242014793       
1.774112222668997        0.7995270958388311       
1.798624368735764        0.7602341522578276       
1.823310619213387        0.7212372076816769       
1.848295863846024        0.683230715388241        
1.873107369762309        0.6532807286536735       
1.875594525363816        0.6109908365577996       
1.903400934539547        0.565864808301311        
1.926956083823391        0.5256297071806511       
1.949509646738369        0.486404173171989        
2.018365797329837        0.4470656150260597       
1.996325547678678        0.4857174798599441       
2.112970822997785        0.3642523328114576       
2.086945316937642        0.4075952358120696       
2.063953196014672        0.4465918653667049       
2.153318392230715        0.3777659550203733       
2.190293933049974        0.3658155029438039       
2.228926619347622        0.3355385824519858       
2.262913649828541        0.3074445400485576       
2.296507597227195        0.2724492237179881       
2.339009193424858        0.2530943254020218       
2.37568153056262         0.2286095714002212       
2.413184215325039        0.1957764879215415       
2.458750905466527        0.1742562357220379       
2.5                      0.1499999999999992       
1.749920682184018        0.9192890983455358       
1.724976037994           0.9596002060573102       
1.700000000000001        1                        
1.774774908641345        0.8791417815572919       
1.799471782469347        0.8392422337441795       
1.823980623114028        0.7996574254633191       
1.848287158464107        0.760442032240483        
1.872213446256816        0.7217443239424499       
1.894672152561662        0.6839116768258122       
1.914945555948883        0.6449318592657836       
1.930978274571788        0.6044217689321598       
1.953347757720169        0.564175457260359        
1.974905994403693        0.5247235728570868       
2.041969278560026        0.4849901951930187       
2.021090511995913        0.5234614474220427       
2.131570863138285        0.4092688571147223       
2.108479159265576        0.4466308960930276       
2.086468413912043        0.4844744478632892       
2.176480077731047        0.4118912200279686       
2.21040714936539         0.4000833710262087       
2.233233598161532        0.3772552961945803       
2.265728954066549        0.3558800317315562       
2.302826358620695        0.3258058217252888       
2.340967531771081        0.3007783588599895       
2.378777267200449        0.2765937544722011       
2.417716631041827        0.2498317262785035       
2.458640835325054        0.2234161129528568       
2.5                      0.1999999999999993       
1.799912793638312        0.9193225009708982       
1.774974971699278        0.959616391549635        
1.750000000000001        1                        
1.824740998988347        0.8791879702706678       
1.849370422205486        0.8392892621038509       
1.873725123421163        0.7996790734839284       
1.897687684851294        0.7603752985980178       
1.920997121108439        0.7213186509410651       
1.94363163282264         0.6819967440163125       
1.964279565509149        0.6424153137886849       
1.983455463211239        0.6029760970646414       
2.001849602967264        0.5629401291299413       
2.065344395001341        0.5224356553906541       
2.046085944702947        0.5599141410604085       
2.108453651298475        0.5218686873695777       
2.151038043175895        0.4473901300425765       
2.130324192842953        0.484165191835441        
2.185731291709613        0.4494671397418966       
2.212922285637225        0.4334224039701094       
2.235294541997026        0.411511099519865        
2.266742626622204        0.4023366543692736       
2.302892948041404        0.3773336175243393       
2.341092804566394        0.3510315825804968       
2.379870752103526        0.3256282123331355       
2.419228561718266        0.3002355397910333       
2.459172825801382        0.2746332435290453       
2.5                      0.2499999999999993       
1.849893614267913        0.9193369669195884       
1.82496846543275         0.9596274244961647       
1.800000000000001        1                        
1.874685847593762        0.8791838862190788       
1.899233568857743        0.8392235737861763       
1.923438074320668        0.7994710653566813       
1.947206962729543        0.7598422957190776       
1.970510073056764        0.7201058196521689       
1.993547472935368        0.6799839435603826       
2.017680133881646        0.6396251180984044       
2.031729883551472        0.6011051358754121       
2.087932311204278        0.5598664399944127       
2.068278788427341        0.5892135462258465       
2.126896474934667        0.5586243814756644       
2.153756119895569        0.5216460076580048       
2.173462794102265        0.4828536354798992       
2.214753257901633        0.4717783091889292       
2.254158392435198        0.4449382572137864       
2.29953949098708         0.4250722187683627       
2.340148070317809        0.4005488279827507       
2.379665163208007        0.3751329839132891       
2.419493184156959        0.3499970543818032       
2.459540845544435        0.3248419423811882       
2.5                      0.2999999999999994       
1.899859321483858        0.919316018641486        
1.874955882253031        0.9596258487214052       
1.850000000000001        1                        
1.924604460586187        0.8791065854294936       
1.949072147295989        0.8390231790165877       
1.973189743257074        0.7990343215702657       
1.996979066097699        0.758981832920078        
2.020492572359732        0.7185983825799335       
2.044690859982279        0.6771622832267916       
2.068704342061536        0.6320398648524066       
2.109294828897262        0.5996789608802842       
2.146609302660224        0.5895216955665614       
2.170510510459539        0.5611899717475337       
2.205119862376091        0.522653217511778        
2.254294203080692        0.4974044871565648       
2.296690562243185        0.4734720049912593       
2.338520815858518        0.4497012562111972       
2.379205448950174        0.42495782483834         
2.419408325132909        0.3998844732256514       
2.459605152536161        0.3747748735907602       
2.5                      0.3499999999999994       
1.949804577498552        0.9192575153568533       
1.924939554382511        0.9596091328122527       
1.900000000000001        1                        
1.974482089284694        0.8789630391004862       
1.998868441012749        0.8387286380996034       
2.022929733813132        0.7984929083446524       
2.046712893543955        0.7580954301395478       
2.070218424039456        0.7173576184781224       
2.093445597158568        0.6762301316896592       
2.112658476822268        0.6412180733272208       
2.146180590378004        0.6254610624135107       
2.18015304189422         0.6027027470763709       
2.21453004611379         0.5761957370361447       
2.253913364718708        0.5477488265985181       
2.296087083621387        0.5241400120631828       
2.337488218042871        0.4995787505479388       
2.378424398038426        0.4746781868147616       
2.41911542214146         0.4497816589827912       
2.459538725427854        0.4248084601947971       
2.5                      0.3999999999999995       
1.999721971835996        0.9191731495054841       
1.974920026669714        0.9595792541705374       
1.950000000000001        1                        
2.024302284213381        0.8787896610460771       
2.048605058804079        0.8384213152570122       
2.072619441518954        0.7979980973378944       
2.09624001399298         0.7573899207836147       
2.119303912734541        0.7167757135010504       
2.144374764856502        0.6730136348165802       
2.18398478997136         0.6466334130593141       
2.219857955964693        0.6237910787237921       
2.257285266739965        0.5990614284685061       
2.297081120037224        0.574151755063205        
2.337875445880005        0.5496923932167316       
2.378707595348002        0.5248966107061757       
2.419074188541832        0.4998572675012005       
2.4595273011202          0.4748852137845938       
2.5                      0.4499999999999995       
2.049594993285794        0.9190716426694099       
2.02488810726645         0.9595382711073449       
2.000000000000001        1                        
2.07406450342947         0.8786121342577583       
2.098344414852189        0.8381697116908335       
2.121868821615605        0.7979249803670835       
2.144429116511407        0.7580029292188231       
2.166964505398436        0.7187071994628812       
2.187112662328757        0.6856342162653717       
2.223020154271512        0.6714350603287573       
2.25968136824682         0.6482504622977622       
2.298647745358557        0.6242307110916141       
2.338578592680316        0.59994789736788         
2.378816098392525        0.5750109681116594       
2.419150263153262        0.5499553396578852       
2.459544531799007        0.524945936364393        
2.5                      0.4999999999999996       
2.099405216372323        0.9189420142557821       
2.074828762199004        0.9594817274624869       
2.050000000000001        1                        
2.123776748170178        0.8783994446654882       
2.1476863283324          0.8379919790925417       
2.169478963954513        0.7979929131177111       
2.190338734097337        0.759345148426292        
2.216631399719644        0.7207383747544849       
2.259957921961557        0.6966257614252345       
2.299491978716939        0.6734140103239822       
2.3389892177981          0.6496152478862173       
2.378968534092126        0.6249773405802856       
2.419227876068059        0.6000115060935586       
2.459576333729143        0.5749931249262378       
2.5                      0.5499999999999996       
2.149201506079665        0.9187371133792245       
2.124708658316697        0.9593996286926729       
2.100000000000001        1                        
2.173057887222099        0.878074718646611        
2.196203569629178        0.8374029962870249       
2.214459959218057        0.797184790294258        
2.228692277601578        0.7627361832235399       
2.261012426146671        0.7430547730852848       
2.300108332392171        0.7226365786543439       
2.339567286544431        0.6991253005887211       
2.379316397833866        0.6747699511048612       
2.419354567189782        0.6500110009118726       
2.459620246238551        0.6250232826524464       
2.5                      0.5999999999999996       
2.198753172347745        0.9184544142812602       
2.174581025564251        0.9592701841395187       
2.150000000000001        1                        
2.222582442856496        0.8774533088144505       
2.243902561694235        0.8353384334235654       
2.2581436483315          0.790293067287415        
2.300737329432157        0.7740264968244046       
2.339867830740786        0.7490996358589536       
2.379596725107164        0.72476586836009         
2.419422056271589        0.7001249483019808       
2.459685791456895        0.675047188227354        
2.5                      0.6499999999999997       
2.248367327901287        0.9181216507081864       
2.224352319403493        0.9591306625197286       
2.200000000000001        1                        
2.27216423873837         0.876256543928972        
2.297701511192356        0.8293345252694484       
2.339471745109797        0.7991280367484328       
2.379725565858997        0.7749155339777287       
2.419705116308746        0.7500365453212332       
2.459752294715777        0.725097914428674        
2.5                      0.6999999999999997       
2.297813452892622        0.9181972873376111       
2.274089039567575        0.9590074025422483       
2.250000000000001        1                        
2.321858723173071        0.8766545588104155       
2.342947855154526        0.8413973947177474       
2.37998765564995         0.8254818086081683       
2.419855739421711        0.8001752919726787       
2.459882278571204        0.775126936624559        
2.5                      0.7499999999999998       
2.346026374869469        0.9185689263711573       
2.32356886636957         0.9590508712425202       
2.300000000000001        1                        
2.374498906191078        0.8761726752375574       
2.419778252269896        0.8503605386316208       
2.460055567871471        0.8251303886727607       
2.5                      0.7999999999999998       
2.38670752793461         0.9221470468788557       
2.371678565746205        0.9592285443205893       
2.350000000000001        1                        
2.423344315598549        0.9001799364615672       
2.460930974176856        0.8750105014860141       
2.5                      0.8499999999999999       
2.423049096373935        0.9552757010341951       
2.400000000000001        1                        
2.462407709321222        0.924392145150137        
2.5                      0.8999999999999999       
2.467104852960856        0.9659090662304175       
2.450000000000002        1                        
2.5                      0.95                     
2.5                      1         